,pid,Title,Brand,Price,Description,category,mfpartnumber,whatisincluded,Image,Attachment 1,Attachment 2,Colour,Flush Type,Warranty,Hazardous,Depth (mm),Overflow Type,Air Pipe Supplied,Inlet Position,Flush Mechanism,Material,Fittings Included,Supplier Product Code,Type,WEEE Compliant,Capacity Litre,Feature 1,Feature 2,Feature 3,Feature 4,Feature 5,Feature 6,Attachment 3,Range,Feature 7,Feature 8,Attachment 4,Feature 9,Feature 10,Feature 11,Feature 12,Feature 13,Feature 14,Feature 15,Feature 16,Material Type,Pack Quantity,Sector
0,PB24016,Nabis Concealed cistern bottom entry concealed cistern and button,Nabis,39.49,"Containing an innovative air inlet valve, this Nabis concealed cistern can achieve an AG-type air gap. Suitable for in-wall or furniture installation, this compact cistern has a push button adjustable dual flush with delayed action inlet valve for water economy. Supplied as a complete kit for easy installation, the Nabis cistern includes a flushing valve, bottom entry inlet valve and chrome push button.",Bathrooms and Kitchens/Toilets/Toilet Cisterns/Toilet Cisterns.csv -> Nabis Concealed cistern bottom entry concealed cistern and button,,,https://www.wolseley.co.uk/wcsstore/ExtendedSitesCatalogAssetStore/images/products/AssetPush/wol-web-proof-medium-w/std.lang.all/40/17/NW-B24016_B24017_wm.jpg,https://www.wolseley.co.uk/wcsstore/ExtendedSitesCatalogAssetStore/images/products/AssetPush/DTP_AssetPushHighRes/std.lang.all/_t/ds/B24016_Nabis_TDS.pdf,https://www.wolseley.co.uk/wcsstore/ExtendedSitesCatalogAssetStore/images/products/AssetPush/DTP_AssetPushHighRes/std.lang.all/ti/on/Nabis_B24016_B24017_Installation.pdf,,,,,,,,,,,,,,,,,,,,,,,,,,,,,,,,,,,,,
1,PB28000,Twyford Classic low level side inlet side outlet cistern White,Twyford,81.85,"For installation where service points can't be changed, the Twyford Classic low level toilet cistern with 6L lever-operated flush offers the ideal solution.",Bathrooms and Kitchens/Toilets/Toilet Cisterns/Toilet Cisterns.csv -> Twyford Classic low level side inlet side outlet cistern White,,,https://www.wolseley.co.uk/wcsstore/ExtendedSitesCatalogAssetStore/images/products/AssetPush/wol-web-proof-medium-w/std.lang.all/80/00/NW-B28000_wm.jpg,https://www.wolseley.co.uk/wcsstore/ExtendedSitesCatalogAssetStore/images/products/AssetPush/DTP_AssetPushHighRes/std.lang.all/ic/al/Twyford_ClassicLowLevelWC_Technical.pdf,,,,,,,,,,,,,,,,,,,,,,,,,,,,,,,,,,,,,,
2,PB90514,Thomas Dudley Mirage bottom inlet concealed cistern,Thomas Dudley,69.25,"This Thomas Dudley Mirage concealed cistern with bottom inlet and outlet features a two part Turbo 88 duo flush siphon. With a high-impact polystyrene body, this cistern includes an internal and external overflow warning pipe for peace of mind.",Bathrooms and Kitchens/Toilets/Toilet Cisterns/Toilet Cisterns.csv -> Thomas Dudley Mirage bottom inlet concealed cistern,,,https://www.wolseley.co.uk/wcsstore/ExtendedSitesCatalogAssetStore/images/products/AssetPush/wol-web-proof-medium-w/std.lang.all/05/14/B90514_wm.jpg,https://www.wolseley.co.uk/wcsstore/ExtendedSitesCatalogAssetStore/images/products/AssetPush/DTP_AssetPushHighRes/std.lang.all/hu/re/TDudley_Mirage_Brochure.pdf,,,,,,,,,,,,,,,,,,,,,,,,,,,,,,,,,,,,,,
3,PP07591,Geberit Selnova Square Close coupled square cistern push button BSIO,Geberit,118.4,"Suitable for close-coupled WCs, the Geberit Selnova Square cistern's classic, simple and discreet design is made of a robust white vitreous china to blend seamlessly with most bathroom suites.  This cistern has a dual flush operated with a simple push-button capable  of a flush range volume of 2.6 to 6 litres, saving you water. Combine with Geberit Selnova Square CC Pan & Seat.",Bathrooms and Kitchens/Toilets/Toilet Cisterns/Toilet Cisterns.csv -> Geberit Selnova Square Close coupled square cistern push button BSIO,,,https://www.wolseley.co.uk/wcsstore/ExtendedSitesCatalogAssetStore/images/products/AssetPush/wol-web-proof-medium-w/std.lang.all/ma/ge/P07591_Primary_Image_wm.jpg,https://www.wolseley.co.uk/wcsstore/ExtendedSitesCatalogAssetStore/images/products/AssetPush/DTP_AssetPushHighRes/std.lang.all/io/ns/P07591_Dimensions.pdf,https://www.wolseley.co.uk/wcsstore/ExtendedSitesCatalogAssetStore/images/products/AssetPush/DTP_AssetPushHighRes/std.lang.all/hu/re/Geberit_Select_Series_Brochure.pdf,,,,,,,,,,,,,,,,,,,,,,,,,,,,,,,,,,,,,
4,PN68977,Ideal Standard i. Life S close coupled cistern 4/2.6L,Ideal Standard,160.0,"A designer-look unit for modern bathrooms, the Ideal Standard i.Life S close-coupled toilet cistern is particularly well-suited to bathrooms where space is limited. Helping to save on water waste, this push-button operated cistern has a dual flush mechanism.",Bathrooms and Kitchens/Toilets/Toilet Cisterns/Toilet Cisterns.csv -> Ideal Standard i. Life S close coupled cistern 4/2.6L,,,https://www.wolseley.co.uk/wcsstore/ExtendedSitesCatalogAssetStore/images/products/AssetPush/wol-web-proof-medium-w/std.lang.all/89/77/N68977_wm.jpg,,,White,Dual,Lifetime,N,150,push button,No,bottom,Push Button,Vitreous China,No,E337401,Cistern,N,4 l,Designed by Palomba Serafini Associati,Push-button operation,Water saving dual flush,White colour,Vitreous china construction,Lifetime warranty,,,,,,,,,,,,,,,,
5,PB91615,Thomas Dudley Acclaim low level side inlet side outlet cistern 6-9ltr White,Thomas Dudley,49.62,"Suitable for domestic or commercial use, this Thomas Dudley Acclaim side inlet plastic toilet cistern has a modern design suitable for a host of settings. It is supplied with a 6/7/9L lever-operated dual flush.",Bathrooms and Kitchens/Toilets/Toilet Cisterns/Toilet Cisterns.csv -> Thomas Dudley Acclaim low level side inlet side outlet cistern 6-9ltr White,,,https://www.wolseley.co.uk/wcsstore/ExtendedSitesCatalogAssetStore/images/products/AssetPush/wol-web-proof-medium-w/std.lang.all/16/15/NW-B91615_wm.jpg,https://www.wolseley.co.uk/wcsstore/ExtendedSitesCatalogAssetStore/images/products/AssetPush/DTP_AssetPushHighRes/std.lang.all/hu/re/TDudley_LightDutyCisterns_Brochure.pdf,https://www.wolseley.co.uk/wcsstore/ExtendedSitesCatalogAssetStore/images/products/AssetPush/DTP_AssetPushHighRes/std.lang.all/ui/de/Thomas Dudley_B91615_User Guide.pdf,,,,,,,,,,,,,,,,,,,,,,https://www.wolseley.co.uk/wcsstore/ExtendedSitesCatalogAssetStore/images/products/AssetPush/DTP_AssetPushHighRes/std.lang.all/hu/re/Thomas Dudley_B91615_Brochure.pdf,,,,,,,,,,,,,,,
6,PB98529,"Saniflo Saniflush All in one WC, complete with macerator for WC, basin, shower",Saniflo,994.47,"A timeless design for any bathroom, the Saniflo all-in-one WC has a built-in macerator and a 3/6L spiral flush system for reliable and convenient use. Offering the option to add in a basin and shower, the macerator is easily accessed by simply sliding back the ceramic panel, making cleaning and maintenance simple.","Bathrooms and Kitchens/Toilets/Toilet Cisterns/Toilet Cisterns.csv -> Saniflo Saniflush All in one WC, complete with macerator for WC, basin, shower",,,https://www.wolseley.co.uk/wcsstore/ExtendedSitesCatalogAssetStore/images/products/AssetPush/wol-web-proof-medium-w/std.lang.all/89/66/598966_wm.jpg,,,White,dual flush push button,2 years,N,671,N/A,N/A,one on each side,Push Button,Ceramic,Yes,1089,Toilet Cistern,N,6 l,All-in-one design,"With macerator to accommodate WC, basin and shower",Push-button operation,3/6L dual flush,Ceramic construction,White colour,,Saniflush,Inlets on each side,2 year warranty,,,,,,,,,,,,
7,PB55254,Grohe Rapid SL wall frame 1.13m,Grohe,260.16,"The Grohe Rapid SL 3-in-1 installation set for wall-hung toilets makes fitting straightforward with the toolless QuickFix system, allowing connection of the hose, inspection shaft and water supply with ease. The steel frame is certified to hold loads of over 400kg for reliable stability and can be quickly installed in front of a solid wall or into a stud wall. Featuring a 6 - 9L dual flush with EcoJoy technology, this cistern kit reduces water consumption by up to 50% with no loss of flushing power and operates quietly thanks to the Whisper low-noise fittings and separate plumbing.",Bathrooms and Kitchens/Toilets/Toilet Cisterns/Toilet Cisterns.csv -> Grohe Rapid SL wall frame 1.13m,,,https://www.wolseley.co.uk/wcsstore/ExtendedSitesCatalogAssetStore/images/products/AssetPush/wol-web-proof-medium-w/std.lang.all/52/54/NW-B55254_wm.jpg,https://www.wolseley.co.uk/wcsstore/ExtendedSitesCatalogAssetStore/images/products/AssetPush/DTP_AssetPushHighRes/std.lang.all/ti/on/Grohe_100181340_Installation.pdf,https://www.wolseley.co.uk/wcsstore/ExtendedSitesCatalogAssetStore/images/products/AssetPush/DTP_AssetPushHighRes/std.lang.all/ic/al/Grohe_38772001_Technical.pdf,,,,,,,,,,,,,,,,,,,,,,,,,,,,,,,,,,,,,
8,PB28100,Twyford Classic low level bottom supply bottom outlet cistern White,Twyford,81.85,This Twyford Classic low level 6L cistern with chrome plated lever is suitable for use where existing service points can't be altered.,Bathrooms and Kitchens/Toilets/Toilet Cisterns/Toilet Cisterns.csv -> Twyford Classic low level bottom supply bottom outlet cistern White,,,https://www.wolseley.co.uk/wcsstore/ExtendedSitesCatalogAssetStore/images/products/AssetPush/wol-web-proof-medium-w/std.lang.all/81/00/NW-B28100_wm.jpg,https://www.wolseley.co.uk/wcsstore/ExtendedSitesCatalogAssetStore/images/products/AssetPush/DTP_AssetPushHighRes/std.lang.all/wi/ng/Twyford_Classic_Low_Level_Drawing.pdf,https://www.wolseley.co.uk/wcsstore/ExtendedSitesCatalogAssetStore/images/products/AssetPush/DTP_AssetPushHighRes/std.lang.all/ic/al/Twyford_ClassicLowLevelWC_Technical.pdf,,,,,,,,,,,,,,,,,,,,,,,,,,,,,,,,,,,,,
9,PB24017,Nabis Flushing side entry concealed cistern,Nabis,53.1,"The innovative air inlet valve fitted to the Nabis Flushing concealed toilet cistern is capable of achieving an AG-type air gap. Providing easy installation, this complete kit includes a flushing valve, side entry valve and a smart chrome-plated push button. The compact Flushing is suitable for either in-wall or in-furniture installation and has a 6/4L or 4/2.6L adjustable dual flush with delayed action inlet valve, helping users to minimise water usage.",Bathrooms and Kitchens/Toilets/Toilet Cisterns/Toilet Cisterns.csv -> Nabis Flushing side entry concealed cistern,,,https://www.wolseley.co.uk/wcsstore/ExtendedSitesCatalogAssetStore/images/products/AssetPush/wol-web-proof-medium-w/std.lang.all/40/17/NW-B24016_B24017_wm.jpg,https://www.wolseley.co.uk/wcsstore/ExtendedSitesCatalogAssetStore/images/products/AssetPush/DTP_AssetPushHighRes/std.lang.all/_t/ds/B24017_Nabis_TDS.pdf,https://www.wolseley.co.uk/wcsstore/ExtendedSitesCatalogAssetStore/images/products/AssetPush/DTP_AssetPushHighRes/std.lang.all/ti/on/Nabis_B24016_B24017_Installation.pdf,,,,,,,,,,,,,,,,,,,,,,,,,,,,,,,,,,,,,
10,PB90310,Thomas Dudley Tri-Shell side inlet high pressure/low pressure high level cistern Black,Thomas Dudley,108.5,"Highly robust, the Thomas Dudley high Tri-Shell is a heavy-duty black plastic toilet cistern with dual lever-operated flush and side inlet.",Bathrooms and Kitchens/Toilets/Toilet Cisterns/Toilet Cisterns.csv -> Thomas Dudley Tri-Shell side inlet high pressure/low pressure high level cistern Black,,,https://www.wolseley.co.uk/wcsstore/ExtendedSitesCatalogAssetStore/images/products/AssetPush/wol-web-proof-medium-w/std.lang.all/03/10/NW-B90310_wm.jpg,https://www.wolseley.co.uk/wcsstore/ExtendedSitesCatalogAssetStore/images/products/AssetPush/DTP_AssetPushHighRes/std.lang.all/hu/re/TDudley_HDutyCisterns_Brochure.pdf,,,,,,,,,,,,,,,,,,,,,,,,,,,,,,,,,,,,,,
11,PD02386,Ideal Standard Sandringham 21 close coupled cistern bottom inlet siphon flush 6/4ltr White,Ideal Standard,81.36,"Close-coupled, the Ideal Standard Sandringham 21 bottom inlet toilet cistern is made of a tough vitreous china. Part of an extensive coordinated bathroom range, this lever-operated cistern provides a 6L single flush.",Bathrooms and Kitchens/Toilets/Toilet Cisterns/Toilet Cisterns.csv -> Ideal Standard Sandringham 21 close coupled cistern bottom inlet siphon flush 6/4ltr White,,,https://www.wolseley.co.uk/wcsstore/ExtendedSitesCatalogAssetStore/images/products/AssetPush/wol-web-proof-medium-w/std.lang.all/23/86/NW-D02386_wm.jpg,https://www.wolseley.co.uk/wcsstore/ExtendedSitesCatalogAssetStore/images/products/AssetPush/DTP_AssetPushHighRes/std.lang.all/ic/al/IS_E896801_Technical.pdf,,,,,,,,,,,,,,,,,,,,,,,,,,,,,,,,,,,,,,
12,PJ12954,Grohe Adagio dual flush side fill concealed cistern,Grohe,66.76,"The Grohe Adagio cistern features EcoJoy technology, reducing water consumption by up to 50% with no loss of performance. Supplied from the side, this dual flush cistern is fitted with a bright, easy-clean StarLight chrome finished round push button with Eco flush and a long Bowden cable for flexible positioning. This toilet cistern is supplied with fixing brackets, flush pipe and inlet connector.",Bathrooms and Kitchens/Toilets/Toilet Cisterns/Toilet Cisterns.csv -> Grohe Adagio dual flush side fill concealed cistern,,,https://www.wolseley.co.uk/wcsstore/ExtendedSitesCatalogAssetStore/images/products/AssetPush/wol-web-proof-medium-w/std.lang.all/29/54/NW-J12953_J12954_wm.jpg,https://www.wolseley.co.uk/wcsstore/ExtendedSitesCatalogAssetStore/images/products/AssetPush/DTP_AssetPushHighRes/std.lang.all/ic/al/Grohe_39054000_Technical.pdf,,,,,,,,,,,,,,,,,,,,,,,,,,,,,,,,,,,,,,
13,PB90540,Thomas Dudley Dimple cistern lever Chrome Plated,Thomas Dudley,34.46,This Thomas Dudley Dimple spindle with camel adjustable lift-arm is finished in chrome and has an easy-flush handle suitable for disabled or elderly users.,Bathrooms and Kitchens/Toilets/Toilet Cisterns/Toilet Cisterns.csv -> Thomas Dudley Dimple cistern lever Chrome Plated,,,https://www.wolseley.co.uk/wcsstore/ExtendedSitesCatalogAssetStore/images/products/AssetPush/wol-web-proof-medium-w/std.lang.all/05/40/NW-B90540_wm.jpg,https://www.wolseley.co.uk/wcsstore/ExtendedSitesCatalogAssetStore/images/products/AssetPush/DTP_AssetPushHighRes/std.lang.all/og/ue/Thomas_Dudley_Product_Catalogue.pdf,,,,,,,,,,,,,,,,,,,,,,,,,,,,,,,,,,,,,,
14,PD02392,Ideal Standard Sandringham 21 low level cistern side inlet siphon flush 6ltr White,Ideal Standard,87.39,"The Ideal Standard Sandringham 21 side inlet low level toilet cistern is made of a tough vitreous china. Part of an extensive coordinated bathroom range, this lever-operated cistern provides a 6L single flush.",Bathrooms and Kitchens/Toilets/Toilet Cisterns/Toilet Cisterns.csv -> Ideal Standard Sandringham 21 low level cistern side inlet siphon flush 6ltr White,,,https://www.wolseley.co.uk/wcsstore/ExtendedSitesCatalogAssetStore/images/products/AssetPush/wol-web-proof-medium-w/std.lang.all/23/92/NW-D02391_D02392_wm.jpg,https://www.wolseley.co.uk/wcsstore/ExtendedSitesCatalogAssetStore/images/products/AssetPush/DTP_AssetPushHighRes/std.lang.all/ic/al/IS_E897201_Technical.pdf,,,,,,,,,,,,,,,,,,,,,,,,,,,,,,,,,,,,,,
15,PB61681,Nabis Series 600 close coupled cistern,Nabis,93.39,"Ideal for cloakrooms and small bathrooms, this Nabis Series 600 close coupled toilet cistern has a compact, curved design and tough vitreous china build with glossy glazed finish. This cistern provides a button-operated dual flush.  To comply with UK Water Regulation 4 (1) (a) and the ‘Interim Agreement’ regarding the prevention of backflow protection arrangements in WCs, this product should be installed with a Double Check Valve. The full notes on the voluntary agreement can be found on the WRAS website",Bathrooms and Kitchens/Toilets/Toilet Cisterns/Toilet Cisterns.csv -> Nabis Series 600 close coupled cistern,,,https://www.wolseley.co.uk/wcsstore/ExtendedSitesCatalogAssetStore/images/products/AssetPush/wol-web-proof-medium-w/std.lang.all/16/81/NW-B61681_wm.jpg,https://www.wolseley.co.uk/wcsstore/ExtendedSitesCatalogAssetStore/images/products/AssetPush/DTP_AssetPushHighRes/std.lang.all/ic/al/Nabis_B61673_B61674_B61681_Technical.pdf,https://www.wolseley.co.uk/wcsstore/ExtendedSitesCatalogAssetStore/images/products/AssetPush/DTP_AssetPushHighRes/std.lang.all/20/18/Nabis_PhaseII_Ceramic_Info_30Aug2018.pdf,,,,,,,,,,,,,,,,,,,,,,,,,,,,,,,,,,,,,
16,PB97420,Macdee Hideaway side inlet side outlet cistern excluding lever,Macdee,62.14,This Macdee Hideaway toilet cistern is designed for direct installation against a flat wall. This black plastic side inlet cistern offers a 6/7/9L lever-operated single flush.,Bathrooms and Kitchens/Toilets/Toilet Cisterns/Toilet Cisterns.csv -> Macdee Hideaway side inlet side outlet cistern excluding lever,,,https://www.wolseley.co.uk/wcsstore/ExtendedSitesCatalogAssetStore/images/products/AssetPush/wol-web-proof-medium-w/std.lang.all/74/20/NW-B97420_wm.jpg,https://www.wolseley.co.uk/wcsstore/ExtendedSitesCatalogAssetStore/images/products/AssetPush/DTP_AssetPushHighRes/std.lang.all/ic/al/Macdee_Hideaway_Cistern_Technical.pdf,https://www.wolseley.co.uk/wcsstore/ExtendedSitesCatalogAssetStore/images/products/AssetPush/DTP_AssetPushHighRes/std.lang.all/st/ru/Macdee_Hideway_Cistern_Asse_Instru.pdf,,,,,,,,,,,,,,,,,,,,,,,,,,,,,,,,,,,,,
17,PD02391,Ideal Standard Sandringham 21 low level cistern bottom inlet siphon flush 6ltr White,Ideal Standard,87.39,"The Ideal Standard Sandringham 21 bottom inlet low level toilet cistern is made of a tough vitreous china. Part of an extensive coordinated bathroom range, this lever-operated cistern provides a 6L single flush.",Bathrooms and Kitchens/Toilets/Toilet Cisterns/Toilet Cisterns.csv -> Ideal Standard Sandringham 21 low level cistern bottom inlet siphon flush 6ltr White,,,https://www.wolseley.co.uk/wcsstore/ExtendedSitesCatalogAssetStore/images/products/AssetPush/wol-web-proof-medium-w/std.lang.all/23/92/NW-D02391_D02392_wm.jpg,https://www.wolseley.co.uk/wcsstore/ExtendedSitesCatalogAssetStore/images/products/AssetPush/DTP_AssetPushHighRes/std.lang.all/ic/al/IS_E896901_Technical.pdf,,,,,,,,,,,,,,,,,,,,,,,,,,,,,,,,,,,,,,
18,PB90487,Thomas Dudley Vantage dual flush push button 73.5mm Chrome Plated,Thomas Dudley,32.77,A Thomas Dudley Vantage chrome dual flush button offering compatibility with a wide range of cisterns.,Bathrooms and Kitchens/Toilets/Toilet Cisterns/Toilet Cisterns.csv -> Thomas Dudley Vantage dual flush push button 73.5mm Chrome Plated,,,https://www.wolseley.co.uk/wcsstore/ExtendedSitesCatalogAssetStore/images/products/AssetPush/wol-web-proof-medium-w/std.lang.all/04/87/NW-B90487_wm.jpg,https://www.wolseley.co.uk/wcsstore/ExtendedSitesCatalogAssetStore/images/products/AssetPush/DTP_AssetPushHighRes/std.lang.all/og/ue/Thomas_Dudley_Product_Catalogue.pdf,,,,,,,,,,,,,,,,,,,,,,,,,,,,,,,,,,,,,,
19,PB92192,Thomas Dudley Hydroflo side entry inlet valve,Thomas Dudley,10.36,This Thomas Dudley Hydroflo fixed side entry inlet valve is suitable for low and high pressure water supplies and has been pressure tested from 0.1 - 20 bar.,Bathrooms and Kitchens/Toilets/Toilet Cisterns/Toilet Cisterns.csv -> Thomas Dudley Hydroflo side entry inlet valve,,,https://www.wolseley.co.uk/wcsstore/ExtendedSitesCatalogAssetStore/images/products/AssetPush/wol-web-proof-medium-w/std.lang.all/21/92/NW-B92192_wm.jpg,https://www.wolseley.co.uk/wcsstore/ExtendedSitesCatalogAssetStore/images/products/AssetPush/DTP_AssetPushHighRes/std.lang.all/og/ue/Thomas_Dudley_Product_Catalogue.pdf,,,,,,,,,,,,,,,,,,,,,,,,,,,,,,,,,,,,,,
20,PC22708,Ideal Standard Cube bottom supply internal overflow close coupled cistern 6/4ltr White,Ideal Standard,168.19,The stylishly designed Ideal Concept Cube cistern is built in robust vitreous china and offers an efficient 4/6L dual flush through an optional top or front-mounted flush plate or button or via a contactless sensor.,Bathrooms and Kitchens/Toilets/Toilet Cisterns/Toilet Cisterns.csv -> Ideal Standard Cube bottom supply internal overflow close coupled cistern 6/4ltr White,,,https://www.wolseley.co.uk/wcsstore/ExtendedSitesCatalogAssetStore/images/products/AssetPush/wol-web-proof-medium-w/std.lang.all/27/08/NW-C22708_wm.jpg,https://www.wolseley.co.uk/wcsstore/ExtendedSitesCatalogAssetStore/images/products/AssetPush/DTP_AssetPushHighRes/std.lang.all/ic/al/IS_E822901_Technical.pdf,,,,,,,,,,,,,,,,,,,,,,,,,,,,,,,,,,,,,,
21,PB90090,Thomas Dudley Pneumatic Cistern contract concealed cistern round push button side inlet side outlet Chrome Plated,Thomas Dudley,88.01,The Thomas Dudley Pneu 6L low level concealed cistern with side inlet and outlet offers pneumatic single flush cistern operation.,Bathrooms and Kitchens/Toilets/Toilet Cisterns/Toilet Cisterns.csv -> Thomas Dudley Pneumatic Cistern contract concealed cistern round push button side inlet side outlet Chrome Plated,,,https://www.wolseley.co.uk/wcsstore/ExtendedSitesCatalogAssetStore/images/products/AssetPush/wol-web-proof-medium-w/std.lang.all/00/90/B90090_wm.jpg,https://www.wolseley.co.uk/wcsstore/ExtendedSitesCatalogAssetStore/images/products/AssetPush/DTP_AssetPushHighRes/std.lang.all/hu/re/TDudley_Brochure.pdf,,,,,,,,,,,,,,,,,,,,,,,,,,,,,,,,,,,,,,
22,PC22709,Ideal Standard Concept Cube bottom supply internal overflow close coupled cistern 4/2.6ltr White,Ideal Standard,168.19,Ideal Standard's Concept Cube close coupled cistern with dual flush valve has a robust vitreous china build and 2.6/4L dual push button flush.,Bathrooms and Kitchens/Toilets/Toilet Cisterns/Toilet Cisterns.csv -> Ideal Standard Concept Cube bottom supply internal overflow close coupled cistern 4/2.6ltr White,,,https://www.wolseley.co.uk/wcsstore/ExtendedSitesCatalogAssetStore/images/products/AssetPush/wol-web-proof-medium-w/std.lang.all/27/09/NW-C22709_wm.jpg,https://www.wolseley.co.uk/wcsstore/ExtendedSitesCatalogAssetStore/images/products/AssetPush/DTP_AssetPushHighRes/std.lang.all/ic/al/IS_E796901_Technical.pdf,,,,,,,,,,,,,,,,,,,,,,,,,,,,,,,,,,,,,,
23,PD02405,Ideal Standard Sandringham 21 close coupled cistern with dual flush and bottom inlet 6/4ltr White,Ideal Standard,63.95,The Ideal Standard Sandringham 21 bottom inlet cistern is built in durable vitreous china and offers a 6/4L dual flush via a chrome push button. This cistern is part of an extensive range designed to help you create a matching bathroom suite.,Bathrooms and Kitchens/Toilets/Toilet Cisterns/Toilet Cisterns.csv -> Ideal Standard Sandringham 21 close coupled cistern with dual flush and bottom inlet 6/4ltr White,,,https://www.wolseley.co.uk/wcsstore/ExtendedSitesCatalogAssetStore/images/products/AssetPush/wol-web-proof-medium-w/std.lang.all/24/05/NW-D02405_wm.jpg,https://www.wolseley.co.uk/wcsstore/ExtendedSitesCatalogAssetStore/images/products/AssetPush/DTP_AssetPushHighRes/std.lang.all/te/ch/IS_E896301_WC_Pan_Tech.pdf,,,,,,,,,,,,,,,,,,,,,,,,,,,,,,,,,,,,,,
24,PB90121,Thomas Dudley Tri-Shell bottom outlet high pressure low level cistern White,Thomas Dudley,135.92,"Highly robust, the Thomas Dudley low level Tri-Shell is a heavy-duty white plastic toilet cistern with dual lever-operated flush.",Bathrooms and Kitchens/Toilets/Toilet Cisterns/Toilet Cisterns.csv -> Thomas Dudley Tri-Shell bottom outlet high pressure low level cistern White,,,https://www.wolseley.co.uk/wcsstore/ExtendedSitesCatalogAssetStore/images/products/AssetPush/wol-web-proof-medium-w/std.lang.all/01/21/NW-B90120_B90121_wm.jpg,https://www.wolseley.co.uk/wcsstore/ExtendedSitesCatalogAssetStore/images/products/AssetPush/DTP_AssetPushHighRes/std.lang.all/hu/re/TDudley_HDutyCisterns_Brochure.pdf,,,,,,,,,,,,,,,,,,,,,,,,,,,,,,,,,,,,,,
25,PB90200,Thomas Dudley Diplomat side supply overflow high/low pressure low level cistern 6/9ltr White,Thomas Dudley,77.33,"The installer-friendly Thomas Dudley Diplomat is a traditional plastic cistern designed for domestic, local authority and commercial use. Easily screwed into most materials, this reliable, flexible 6-9L dual flush cistern combines convenience with affordability.",Bathrooms and Kitchens/Toilets/Toilet Cisterns/Toilet Cisterns.csv -> Thomas Dudley Diplomat side supply overflow high/low pressure low level cistern 6/9ltr White,,,https://www.wolseley.co.uk/wcsstore/ExtendedSitesCatalogAssetStore/images/products/AssetPush/wol-web-proof-medium-w/std.lang.all/02/00/NW-B90200_wm.jpg,https://www.wolseley.co.uk/wcsstore/ExtendedSitesCatalogAssetStore/images/products/AssetPush/DTP_AssetPushHighRes/std.lang.all/hu/re/TDudley_LightDutyCisterns_Brochure.pdf,,,,,,,,,,,,,,,,,,,,,,,,,,,,,,,,,,,,,,
26,PB61022,Center CB Push button 6/3L cistern in gloss white,Center,72.65,"Operated with a simple push-button, this Center CB white ceramic cistern offers a 3/6L single flush. It is supplied with fittings for ease of installation.",Bathrooms and Kitchens/Toilets/Toilet Cisterns/Toilet Cisterns.csv -> Center CB Push button 6/3L cistern in gloss white,,,https://www.wolseley.co.uk/wcsstore/ExtendedSitesCatalogAssetStore/images/products/AssetPush/wol-web-proof-medium-w/std.lang.all/10/22/NW-B61022_wm.jpg,https://www.wolseley.co.uk/wcsstore/ExtendedSitesCatalogAssetStore/images/products/AssetPush/DTP_AssetPushHighRes/std.lang.all/ti/on/B61021_B61022_Pushbutton_Instruction.pdf,https://www.wolseley.co.uk/wcsstore/ExtendedSitesCatalogAssetStore/images/products/AssetPush/DTP_AssetPushHighRes/std.lang.all/io/ns/B61021_B61022_Fitting_Instructions.pdf,,,,,,,,,,,,,,,,,,,,,,,,,,,,,,,,,,,,,
27,PD01441,Siamp Intra Cable concealed cistern cable operated dual flush bottom entry,Siamp,81.38,This Siamp Intra Cable 6L bottom inlet concealed cistern is equipped with dual flush outlet valve and a quiet fill inlet valve.,Bathrooms and Kitchens/Toilets/Toilet Cisterns/Toilet Cisterns.csv -> Siamp Intra Cable concealed cistern cable operated dual flush bottom entry,,,https://www.wolseley.co.uk/wcsstore/ExtendedSitesCatalogAssetStore/images/products/AssetPush/wol-web-proof-medium-w/std.lang.all/14/41/NW-D01441_wm.jpg,https://www.wolseley.co.uk/wcsstore/ExtendedSitesCatalogAssetStore/images/products/AssetPush/DTP_AssetPushHighRes/std.lang.all/ti/on/Siamp_Intra_Cistern_Installation.pdf,https://www.wolseley.co.uk/wcsstore/ExtendedSitesCatalogAssetStore/images/products/AssetPush/DTP_AssetPushHighRes/std.lang.all/ic/al/Siamp_Intra_Cable_31014710_Technical.pdf,,,,,,,,,,,,,,,,,,,,,,https://www.wolseley.co.uk/wcsstore/ExtendedSitesCatalogAssetStore/images/products/AssetPush/DTP_AssetPushHighRes/std.lang.all/20/14/Siamp_Product_Catalogue_2014.pdf,,,,https://www.wolseley.co.uk/wcsstore/ExtendedSitesCatalogAssetStore/images/products/AssetPush/DTP_AssetPushHighRes/std.lang.all/_d/op/Siamp_Intra_Cable_14055_2_DoP.pdf,,,,,,,,,,,
28,PB97415,Macdee Hideaway side inlet side outlet cistern plus number 1 lever Chrome Plated,Macdee,74.47,"Designed with a side inlet, the Macdee Hideaway toilet cistern is suitable for installation directly against a flat wall. Made of black plastic, this simple lever-operated cistern with Metro rapid siphon and Silenta three-part ball valve supplies a 6/7/9L single flush.",Bathrooms and Kitchens/Toilets/Toilet Cisterns/Toilet Cisterns.csv -> Macdee Hideaway side inlet side outlet cistern plus number 1 lever Chrome Plated,,,https://www.wolseley.co.uk/wcsstore/ExtendedSitesCatalogAssetStore/images/products/AssetPush/wol-web-proof-medium-w/std.lang.all/74/15/NW-B97415_wm.jpg,https://www.wolseley.co.uk/wcsstore/ExtendedSitesCatalogAssetStore/images/products/AssetPush/DTP_AssetPushHighRes/std.lang.all/ic/al/Macdee_Hideaway_Cistern_Technical.pdf,https://www.wolseley.co.uk/wcsstore/ExtendedSitesCatalogAssetStore/images/products/AssetPush/DTP_AssetPushHighRes/std.lang.all/st/ru/Macdee_Hideway_Cistern_Asse_Instru.pdf,,,,,,,,,,,,,,,,,,,,,,,,,,,,,,,,,,,,,
29,PB90400,Thomas Dudley Elite panel bottom supply bottom outlet cistern 6/9litre White,Thomas Dudley,96.25,"Traditionally designed, this low profile Thomas Dudley Elite plastic toilet cistern is designed to suit a wide range of settings, domestic, local authority and commercial alike. Compatible with close coupled and low level installation, this lever-operated cistern is fitted with a convertible siphon for 6 - 9L flushing while a one piece Dudley Duo flush siphon is additionally supplied as standard, providing a full and water-saving reduced flush.",Bathrooms and Kitchens/Toilets/Toilet Cisterns/Toilet Cisterns.csv -> Thomas Dudley Elite panel bottom supply bottom outlet cistern 6/9litre White,,,https://www.wolseley.co.uk/wcsstore/ExtendedSitesCatalogAssetStore/images/products/AssetPush/wol-web-proof-medium-w/std.lang.all/04/00/NW-B90400_wm.jpg,https://www.wolseley.co.uk/wcsstore/ExtendedSitesCatalogAssetStore/images/products/AssetPush/DTP_AssetPushHighRes/std.lang.all/hu/re/TDudley_LightDutyCisterns_Brochure.pdf,,,,,,,,,,,,,,,,,,,,,,,,,,,,,,,,,,,,,,
30,PB96200,Macdee Elan low level side inlet side outlet cistern White,Macdee,50.98,"Designed with a side inlet, the Macdee Elan toilet cistern is suitable for installation directly against a flat wall. Made of white polystyrene, this simple lever-operated cistern supplies a 6/7/9L single flush.",Bathrooms and Kitchens/Toilets/Toilet Cisterns/Toilet Cisterns.csv -> Macdee Elan low level side inlet side outlet cistern White,,,https://www.wolseley.co.uk/wcsstore/ExtendedSitesCatalogAssetStore/images/products/AssetPush/wol-web-proof-medium-w/std.lang.all/62/00/NW-B96200_wm.jpg,https://www.wolseley.co.uk/wcsstore/ExtendedSitesCatalogAssetStore/images/products/AssetPush/DTP_AssetPushHighRes/std.lang.all/io/ns/Macdee_Cistern_Assembly_Instructions.pdf,,,,,,,,,,,,,,,,,,,,,,,,,,,,,,,,,,,,,,
31,PB90332,Thomas Dudley Mirage Auto concealed auto cistern 6/9ltr,Thomas Dudley,71.78,"Ideal for use with commercial urinals, the compact, plastic Thomas Dudley Mirage Auto automatic concealed 6-9L cistern can be effortlessly screwed to a wide range of materials for easy installation.",Bathrooms and Kitchens/Toilets/Toilet Cisterns/Toilet Cisterns.csv -> Thomas Dudley Mirage Auto concealed auto cistern 6/9ltr,,,https://www.wolseley.co.uk/wcsstore/ExtendedSitesCatalogAssetStore/images/products/AssetPush/wol-web-proof-medium-w/std.lang.all/03/32/B90332_wm.jpg,https://www.wolseley.co.uk/wcsstore/ExtendedSitesCatalogAssetStore/images/products/AssetPush/DTP_AssetPushHighRes/std.lang.all/hu/re/TDudley_Brochure.pdf,https://www.wolseley.co.uk/wcsstore/ExtendedSitesCatalogAssetStore/images/products/AssetPush/DTP_AssetPushHighRes/std.lang.all/ic/al/TDudley_AutomaticCisterns_Technical.pdf,,,,,,,,,,,,,,,,,,,,,,,,,,,,,,,,,,,,,
32,PB47403,"Twyford Alcona AR2342WH Alcona Close coupled cistern, dual flush, 4/2.6ltr, white",Twyford,71.66,The Twyford Alcona flush wise close coupled cistern provides water savings of up to 60% with every 4/2.6L push button flush. This eco-friendly toilet cistern is designed to help reach articles 5 and 6 of the Code For Sustainable Homes.,"Bathrooms and Kitchens/Toilets/Toilet Cisterns/Toilet Cisterns.csv -> Twyford Alcona AR2342WH Alcona Close coupled cistern, dual flush, 4/2.6ltr, white",,,https://www.wolseley.co.uk/wcsstore/ExtendedSitesCatalogAssetStore/images/products/AssetPush/wol-web-proof-medium-w/std.lang.all/74/03/NW-B47401_B47403_wm.jpg,https://www.wolseley.co.uk/wcsstore/ExtendedSitesCatalogAssetStore/images/products/AssetPush/DTP_AssetPushHighRes/std.lang.all/ti/on/Twyford_967362000_Instruction.pdf,https://www.wolseley.co.uk/wcsstore/ExtendedSitesCatalogAssetStore/images/products/AssetPush/DTP_AssetPushHighRes/std.lang.all/ic/al/Twyford_AR2342WH_Technical.pdf,,,,,,,,,,,,,,,,,,,,,,,,,,,,,,,,,,,,,
33,PB90482,Thomas Dudley Vantage single flush round button 73.5mm Chrome Plated,Thomas Dudley,27.35,A Thomas Dudley Vantage chrome-finish single flush button for use in a range of cisterns.,Bathrooms and Kitchens/Toilets/Toilet Cisterns/Toilet Cisterns.csv -> Thomas Dudley Vantage single flush round button 73.5mm Chrome Plated,,,https://www.wolseley.co.uk/wcsstore/ExtendedSitesCatalogAssetStore/images/products/AssetPush/wol-web-proof-medium-w/std.lang.all/04/82/NW-B90482_wm.jpg,https://www.wolseley.co.uk/wcsstore/ExtendedSitesCatalogAssetStore/images/products/AssetPush/DTP_AssetPushHighRes/std.lang.all/og/ue/Thomas_Dudley_Product_Catalogue.pdf,,,,,,,,,,,,,,,,,,,,,,,,,,,,,,,,,,,,,,
34,PU94955,"Geberit Delta Geberit Delta concealed cistern, 6/3 litres, with flush plate Delta20 gloss chrome-plated 12 cm (1)",Geberit,146.58,"Easy to install and highly durable, the Geberit Delta 6/3L dual flush concealed cistern, supplied with the Delta20 chrome-plated 120mm flush plate, is built for a lifetime of trouble-free use. Manufactured in tried-and-tested materials, this cistern is the result of 60+ years of Geberit research and development, ensuring a functional, reliable and simple bathroom product that gets the job done.","Bathrooms and Kitchens/Toilets/Toilet Cisterns/Toilet Cisterns.csv -> Geberit Delta Geberit Delta concealed cistern, 6/3 litres, with flush plate Delta20 gloss chrome-plated 12 cm (1)",,,https://www.wolseley.co.uk/wcsstore/ExtendedSitesCatalogAssetStore/images/products/AssetPush/wol-web-proof-medium-w/std.lang.all/49/55/U94955_wm.jpg,https://www.wolseley.co.uk/wcsstore/ExtendedSitesCatalogAssetStore/images/products/AssetPush/DTP_AssetPushHighRes/std.lang.all/he/et/U94955_Tech_Sheet.pdf,https://www.wolseley.co.uk/wcsstore/ExtendedSitesCatalogAssetStore/images/products/AssetPush/DTP_AssetPushHighRes/std.lang.all/ti/on/U94955_Installation.pdf,,,,,,,,,,,,,,,,,,,,,,https://www.wolseley.co.uk/wcsstore/ExtendedSitesCatalogAssetStore/images/products/AssetPush/DTP_AssetPushHighRes/std.lang.all/wr/as/U94955_WRAS.pdf,,,,,,,,,,,,,,,
35,PU96825,"Geberit low-height furniture cistern, 6/3 litres, pneumatic flush for single or dual flush buttons",Geberit,55.91,"Suitable for installation with back-to-wall or floor-mounted toilets, the Geberit 6/3L concealed low height in-furniture cistern allows for neat concealed fitting into bathroom furniture. This cistern has a bottom left water supply connection and a factory set flush volume of 5.8L. Offering complete compatibility with all pneumatic flush buttons, the cistern is supplied with a 90° flush bend and fastening materials for ease of installation.","Bathrooms and Kitchens/Toilets/Toilet Cisterns/Toilet Cisterns.csv -> Geberit low-height furniture cistern, 6/3 litres, pneumatic flush for single or dual flush buttons",,,https://www.wolseley.co.uk/wcsstore/ExtendedSitesCatalogAssetStore/images/products/AssetPush/wol-web-proof-medium-w/std.lang.all/ma/ge/U96825_Primary_Image_wm.jpg,https://www.wolseley.co.uk/wcsstore/ExtendedSitesCatalogAssetStore/images/products/AssetPush/DTP_AssetPushHighRes/std.lang.all/ta/ll/U96825_Install.pdf,https://www.wolseley.co.uk/wcsstore/ExtendedSitesCatalogAssetStore/images/products/AssetPush/DTP_AssetPushHighRes/std.lang.all/he/et/U96825_Tech_Sheet.pdf,,,,,,,,,,,,,,,,,,,,,,,,,,,,,,,,,,,,,
36,PD04659,Ideal Standard Tempo close coupled dual flush cistern 4/2.6ltr White,Ideal Standard,98.1,"Offering a 4/2.6L push button operated dual flush, the Ideal Standard Tempo bottom inlet close-coupled cistern is made of a robust vitreous china with a smart white gloss finish.",Bathrooms and Kitchens/Toilets/Toilet Cisterns/Toilet Cisterns.csv -> Ideal Standard Tempo close coupled dual flush cistern 4/2.6ltr White,,,https://www.wolseley.co.uk/wcsstore/ExtendedSitesCatalogAssetStore/images/products/AssetPush/wol-web-proof-medium-w/std.lang.all/46/59/NW-D04659_wm.jpg,https://www.wolseley.co.uk/wcsstore/ExtendedSitesCatalogAssetStore/images/products/AssetPush/DTP_AssetPushHighRes/std.lang.all/ic/al/IS_T427101_Technical.pdf,,,,,,,,,,,,,,,,,,,,,,,,,,,,,,,,,,,,,,
37,PB90331,Thomas Dudley Mirage Auto concealed auto cistern 4.5ltr,Thomas Dudley,68.89,"Ideal for use with commercial urinals, the compact, plastic Thomas Dudley Mirage Auto automatic concealed 4.5L cistern can be effortlessly screwed to a wide range of materials for easy installation.",Bathrooms and Kitchens/Toilets/Toilet Cisterns/Toilet Cisterns.csv -> Thomas Dudley Mirage Auto concealed auto cistern 4.5ltr,,,https://www.wolseley.co.uk/wcsstore/ExtendedSitesCatalogAssetStore/images/products/AssetPush/wol-web-proof-medium-w/std.lang.all/03/31/B90331_wm.jpg,https://www.wolseley.co.uk/wcsstore/ExtendedSitesCatalogAssetStore/images/products/AssetPush/DTP_AssetPushHighRes/std.lang.all/hu/re/TDudley_Brochure.pdf,https://www.wolseley.co.uk/wcsstore/ExtendedSitesCatalogAssetStore/images/products/AssetPush/DTP_AssetPushHighRes/std.lang.all/ic/al/TDudley_AutomaticCisterns_Technical.pdf,,,,,,,,,,,,,,,,,,,,,,,,,,,,,,,,,,,,,
38,PB98077,"Thomas Dudley Vantage dual flush concealed cistern with side inlet, flushbend, no button, no poly-jacket",Thomas Dudley,125.34,"Offering fast and stress-free installation, this Thomas Dudley Vantage concealed dual flush toilet cistern is supplied factory assembled and incorporates a push-fit flush bend and inlet elbow. With the option to install the push button up to 750mm away, this cistern is designed for flexibility.","Bathrooms and Kitchens/Toilets/Toilet Cisterns/Toilet Cisterns.csv -> Thomas Dudley Vantage dual flush concealed cistern with side inlet, flushbend, no button, no poly-jacket",,,https://www.wolseley.co.uk/wcsstore/ExtendedSitesCatalogAssetStore/images/products/AssetPush/wol-web-proof-medium-w/std.lang.all/80/77/B98077_wm.jpg,,,White,Dual Flush,3 Years,N,125,Internal,No,Side,Button,Polyethylene,Yes,313330W,Cistern,N,,"Supplied factory assembled for quick, easy installation",WRAS approved Dudley Niagara flushing valve,WRAS approved Dudley Hydroflo quiet inlet valve,Push-fit water inlet elbow,Push-fit flush bend,Integral isolating valve,,Vantage,"Air tubes enable button, plate or sensor to be installed up to 750mm away from cistern",Front and top access panels,,Unique cistern fixing brackets,No need to cut access holes into vanity tops,Side inlet,Cistern body in high density polyethylene,Internal overflow warning,Internal parts comply with the Regulator's Specification,White polyethylene,,,,
39,PJ57817,Twyford Option Dual flush lever cistern White,Twyford,64.06,"Twyford Option provides a series of fully adaptable and durable products that are not only affordable, but offer stylish bathroom solutions. Operated via a simple button, this Twyford Option 455mm close-coupled white ceramic cistern offers a 4/6L dual flush. Combine with Twyford Option CC Pan & Seat.",Bathrooms and Kitchens/Toilets/Toilet Cisterns/Toilet Cisterns.csv -> Twyford Option Dual flush lever cistern White,,,https://www.wolseley.co.uk/wcsstore/ExtendedSitesCatalogAssetStore/images/products/AssetPush/wol-web-proof-medium-w/std.lang.all/ma/ge/J57817_Primary_Image_wm.jpg,https://www.wolseley.co.uk/wcsstore/ExtendedSitesCatalogAssetStore/images/products/AssetPush/DTP_AssetPushHighRes/std.lang.all/wi/ng/Twyford_Option_Drawing.pdf,https://www.wolseley.co.uk/wcsstore/ExtendedSitesCatalogAssetStore/images/products/AssetPush/DTP_AssetPushHighRes/std.lang.all/io/ns/J57817_Dimensions.pdf,,,,,,,,,,,,,,,,,,,,,,https://www.wolseley.co.uk/wcsstore/ExtendedSitesCatalogAssetStore/images/products/AssetPush/DTP_AssetPushHighRes/std.lang.all/ic/al/Twyford_Option_CC_WC_Technical.pdf,,,,,,,,,,,,,,,
40,PB90000,Thomas Dudley Elite single duo flush cistern 6/9ltr White,Thomas Dudley,91.42,The water saving Thomas Dudley Elite plastic panel cistern is ideal for light-to-medium duty domestic and commercial use.,Bathrooms and Kitchens/Toilets/Toilet Cisterns/Toilet Cisterns.csv -> Thomas Dudley Elite single duo flush cistern 6/9ltr White,,,https://www.wolseley.co.uk/wcsstore/ExtendedSitesCatalogAssetStore/images/products/AssetPush/wol-web-proof-medium-w/std.lang.all/00/00/B90000_wm.jpg,https://www.wolseley.co.uk/wcsstore/ExtendedSitesCatalogAssetStore/images/products/AssetPush/DTP_AssetPushHighRes/std.lang.all/20/17/Thomas_Dudley_Brochure_2017.pdf,,,,,,,,,,,,,,,,,,,,,,,,,,,,,,,,,,,,,,
41,PJ57807,Twyford Option Lever cistern White,Twyford,64.06,This Twyford Option 455mm close-coupled white ceramic cistern offers 6L single flush operated via a simple chrome plated lever. Combine with Twyford Option CC Pan & Seat.,Bathrooms and Kitchens/Toilets/Toilet Cisterns/Toilet Cisterns.csv -> Twyford Option Lever cistern White,,,https://www.wolseley.co.uk/wcsstore/ExtendedSitesCatalogAssetStore/images/products/AssetPush/wol-web-proof-medium-w/std.lang.all/ma/ge/J57807_Primary_Image_wm.jpg,https://www.wolseley.co.uk/wcsstore/ExtendedSitesCatalogAssetStore/images/products/AssetPush/DTP_AssetPushHighRes/std.lang.all/io/ns/J57807_Dimensions.pdf,https://www.wolseley.co.uk/wcsstore/ExtendedSitesCatalogAssetStore/images/products/AssetPush/DTP_AssetPushHighRes/std.lang.all/wi/ng/Twyford_Option_Drawing.pdf,,,,,,,,,,,,,,,,,,,,,,https://www.wolseley.co.uk/wcsstore/ExtendedSitesCatalogAssetStore/images/products/AssetPush/DTP_AssetPushHighRes/std.lang.all/ic/al/Twyford_Option_CC_WC_Technical.pdf,,,,,,,,,,,,,,,
42,PB96400,Macdee Elan low level bottom inlet bottom outlet cistern White,Macdee,54.92,"Designed with a bottom inlet, the Macdee Elan toilet cistern is suitable for installation directly against a flat wall. Made of white polystyrene, this simple lever-operated cistern supplies a 6/7/9L single flush.",Bathrooms and Kitchens/Toilets/Toilet Cisterns/Toilet Cisterns.csv -> Macdee Elan low level bottom inlet bottom outlet cistern White,,,https://www.wolseley.co.uk/wcsstore/ExtendedSitesCatalogAssetStore/images/products/AssetPush/wol-web-proof-medium-w/std.lang.all/64/00/NW-B96400_wm.jpg,https://www.wolseley.co.uk/wcsstore/ExtendedSitesCatalogAssetStore/images/products/AssetPush/DTP_AssetPushHighRes/std.lang.all/io/ns/Macdee_Cistern_Assembly_Instructions.pdf,https://www.wolseley.co.uk/wcsstore/ExtendedSitesCatalogAssetStore/images/products/AssetPush/DTP_AssetPushHighRes/std.lang.all/ic/al/Macdee_Elan_CFE51WH_Technical.pdf,,,,,,,,,,,,,,,,,,,,,,,,,,,,,,,,,,,,,
43,PD02396,Ideal Standard Sandringham 21 bottom inlet supply internal overflow 75cm projection cistern White,Ideal Standard,127.8,"Offering convenient use for all, this Ideal Standard Sandringham 21 bottom supply toilet cistern has a comfortable 750mm projection and a tactile spatula lever. Made of a hardwearing white vitreous china, this smart loo provides a 6L single flush.",Bathrooms and Kitchens/Toilets/Toilet Cisterns/Toilet Cisterns.csv -> Ideal Standard Sandringham 21 bottom inlet supply internal overflow 75cm projection cistern White,,,https://www.wolseley.co.uk/wcsstore/ExtendedSitesCatalogAssetStore/images/products/AssetPush/wol-web-proof-medium-w/std.lang.all/23/96/NW-D02396_wm.jpg,https://www.wolseley.co.uk/wcsstore/ExtendedSitesCatalogAssetStore/images/products/AssetPush/DTP_AssetPushHighRes/std.lang.all/te/ch/IS_E883401_WC_Pan_Tech.pdf,https://www.wolseley.co.uk/wcsstore/ExtendedSitesCatalogAssetStore/images/products/AssetPush/DTP_AssetPushHighRes/std.lang.all/hu/re/IS_Commercial_Brochure.pdf,,,,,,,,,,,,,,,,,,,,,,,,,,,,,,,,,,,,,
44,PB90320,Thomas Dudley Tri-Shell side supply overflow high pressure/low pressure high level cistern White,Thomas Dudley,108.49,"Highly robust, the Thomas Dudley high Tri-Shell is a heavy-duty white plastic toilet cistern with single lever-operated flush and side inlet.",Bathrooms and Kitchens/Toilets/Toilet Cisterns/Toilet Cisterns.csv -> Thomas Dudley Tri-Shell side supply overflow high pressure/low pressure high level cistern White,,,https://www.wolseley.co.uk/wcsstore/ExtendedSitesCatalogAssetStore/images/products/AssetPush/wol-web-proof-medium-w/std.lang.all/03/20/NW-B90320_wm.jpg,https://www.wolseley.co.uk/wcsstore/ExtendedSitesCatalogAssetStore/images/products/AssetPush/DTP_AssetPushHighRes/std.lang.all/hu/re/TDudley_HDutyCisterns_Brochure.pdf,,,,,,,,,,,,,,,,,,,,,,,,,,,,,,,,,,,,,,
45,PD02406,Ideal Standard Sandringham 21 dual flush cistern with back inlet 4/2.6ltr White,Ideal Standard,63.95,This Ideal Standard Sandringham 21 close coupled bottom inlet cistern has a 4/2.6L dual flush operated via push button and a smart high gloss vitreous china build.,Bathrooms and Kitchens/Toilets/Toilet Cisterns/Toilet Cisterns.csv -> Ideal Standard Sandringham 21 dual flush cistern with back inlet 4/2.6ltr White,,,https://www.wolseley.co.uk/wcsstore/ExtendedSitesCatalogAssetStore/images/products/AssetPush/wol-web-proof-medium-w/std.lang.all/24/06/NW-D02406_wm.jpg,https://www.wolseley.co.uk/wcsstore/ExtendedSitesCatalogAssetStore/images/products/AssetPush/DTP_AssetPushHighRes/std.lang.all/te/ch/IS_E896301_WC_Pan_Tech.pdf,,,,,,,,,,,,,,,,,,,,,,,,,,,,,,,,,,,,,,
46,PD12095,Roca Havana cistern with internals 6/3ltr,Roca,53.78,"Made of white vitreous china, the robust Roca Havana top inlet toilet cistern is supplied with all internals for convenient installation. Button-operated, this cistern has a 6/3L flushing capacity.",Bathrooms and Kitchens/Toilets/Toilet Cisterns/Toilet Cisterns.csv -> Roca Havana cistern with internals 6/3ltr,,,https://www.wolseley.co.uk/wcsstore/ExtendedSitesCatalogAssetStore/images/products/AssetPush/wol-web-proof-medium-w/std.lang.all/20/95/NW-D12095_wm.jpg,https://www.wolseley.co.uk/wcsstore/ExtendedSitesCatalogAssetStore/images/products/AssetPush/DTP_AssetPushHighRes/std.lang.all/hu/re/Roca_Primary_Collection_Brochure.pdf,,,,,,,,,,,,,,,,,,,,,,,,,,,,,,,,,,,,,,
47,PB61734,Nabis Lamone push button cistern close coupled pan WRAS,Nabis,29.26,"Made of white vitreous china, this Nabis Lamone close-coupled cistern has a smart, contemporary square design and offers push-button operation.",Bathrooms and Kitchens/Toilets/Toilet Cisterns/Toilet Cisterns.csv -> Nabis Lamone push button cistern close coupled pan WRAS,,,https://www.wolseley.co.uk/wcsstore/ExtendedSitesCatalogAssetStore/images/products/AssetPush/wol-web-proof-medium-w/std.lang.all/17/34/NW-B61734_wm.jpg,https://www.wolseley.co.uk/wcsstore/ExtendedSitesCatalogAssetStore/images/products/AssetPush/DTP_AssetPushHighRes/std.lang.all/hu/re/Nabis_Bathroom_Suites_Brochure.pdf,https://www.wolseley.co.uk/wcsstore/ExtendedSitesCatalogAssetStore/images/products/AssetPush/DTP_AssetPushHighRes/std.lang.all/ic/al/Nabis_B61734_Technical.pdf,,,,,,,,,,,,,,,,,,,,,,,,,,,,,,,,,,,,,
48,PJ12953,Grohe Adagio dual flush concealed bottom fill cistern,Grohe,66.59,"The Grohe Adagio cistern features EcoJoy technology, reducing water consumption by up to 50% with no loss of performance. Supplied from the bottom, this dual flush cistern is fitted with a bright, easy-clean StarLight chrome finished round push button with Eco flush and a long Bowden cable for flexible positioning. This toilet cistern is supplied with fixing brackets, flush pipe and inlet connector.",Bathrooms and Kitchens/Toilets/Toilet Cisterns/Toilet Cisterns.csv -> Grohe Adagio dual flush concealed bottom fill cistern,,,https://www.wolseley.co.uk/wcsstore/ExtendedSitesCatalogAssetStore/images/products/AssetPush/wol-web-proof-medium-w/std.lang.all/29/54/NW-J12953_J12954_wm.jpg,https://www.wolseley.co.uk/wcsstore/ExtendedSitesCatalogAssetStore/images/products/AssetPush/DTP_AssetPushHighRes/std.lang.all/ic/al/Grohe_39053000_Technical.pdf,,,,,,,,,,,,,,,,,,,,,,,,,,,,,,,,,,,,,,
49,PT86962,"Roca Dual flush 4,5/3L WC cistern with bottom inlet",Roca,211.49,The Roca Ona 4.5/3L dual flush close-coupled toilet cistern with bottom inlet has a simple vitreous china build and white finish.,"Bathrooms and Kitchens/Toilets/Toilet Cisterns/Toilet Cisterns.csv -> Roca Dual flush 4,5/3L WC cistern with bottom inlet",,,https://www.wolseley.co.uk/wcsstore/ExtendedSitesCatalogAssetStore/images/products/AssetPush/wol-web-proof-medium-w/std.lang.all/69/62/T86962_wm.jpg,,,White,4.5/3L,25,N,145,N/A,No,Left,Duel,VC,Yes,A34168C00F,CC,N,4.5 l,Dual flush,Bottom inlet,Vitreous china construction,White finish,25 year warranty,,,,,,,,,,,,,,,,,
50,PJ57806,Twyford Option Push button dual flush cistern White,Twyford,64.06,"Twyford Option provides a series of fully adaptable and durable products that are not only affordable, but offer stylish bathroom solutions. This Twyford Option 380mm close-coupled white ceramic cistern has a 4/6L dual flush operated via a simple chrome push-button. Combine with Twyford Option CC Pan & Seat.",Bathrooms and Kitchens/Toilets/Toilet Cisterns/Toilet Cisterns.csv -> Twyford Option Push button dual flush cistern White,,,https://www.wolseley.co.uk/wcsstore/ExtendedSitesCatalogAssetStore/images/products/AssetPush/wol-web-proof-medium-w/std.lang.all/ma/ge/J57806_Primary_Image_wm.jpg,https://www.wolseley.co.uk/wcsstore/ExtendedSitesCatalogAssetStore/images/products/AssetPush/DTP_AssetPushHighRes/std.lang.all/io/ns/J57806_Dimensions.pdf,https://www.wolseley.co.uk/wcsstore/ExtendedSitesCatalogAssetStore/images/products/AssetPush/DTP_AssetPushHighRes/std.lang.all/ti/on/Twyford_OT2396WH_Installation.pdf,,,,,,,,,,,,,,,,,,,,,,https://www.wolseley.co.uk/wcsstore/ExtendedSitesCatalogAssetStore/images/products/AssetPush/DTP_AssetPushHighRes/std.lang.all/wi/ng/Twyford_Option_Drawing.pdf,,,,https://www.wolseley.co.uk/wcsstore/ExtendedSitesCatalogAssetStore/images/products/AssetPush/DTP_AssetPushHighRes/std.lang.all/ic/al/Twyford_Option_CC_WC_Technical.pdf,,,,,,,,,,,
51,PD44937,Roca The Gap cistern White,Roca,167.65,"The close coupled Roca The Gap toilet cistern is highly economical, saving water with every flush. This smart cistern flushes from an efficient distributor at the back of the toilet, providing push button-operated 4/2L flushing.",Bathrooms and Kitchens/Toilets/Toilet Cisterns/Toilet Cisterns.csv -> Roca The Gap cistern White,,,https://www.wolseley.co.uk/wcsstore/ExtendedSitesCatalogAssetStore/images/products/AssetPush/wol-web-proof-medium-w/std.lang.all/49/37/NW-D44937_wm.jpg,https://www.wolseley.co.uk/wcsstore/ExtendedSitesCatalogAssetStore/images/products/AssetPush/DTP_AssetPushHighRes/std.lang.all/ti/on/Roca_A34173C000_Installation.pdf,https://www.wolseley.co.uk/wcsstore/ExtendedSitesCatalogAssetStore/images/products/AssetPush/DTP_AssetPushHighRes/std.lang.all/ic/al/Roca_A34173C000_Technical.pdf,,,,,,,,,,,,,,,,,,,,,,,,,,,,,,,,,,,,,
52,PB90100,Thomas Dudley Slimline side supply overflow high/low pressue low level cistern 6/9ltr White,Thomas Dudley,77.89,"The versatile Thomas Dudley Slimline toilet cistern is equally suitable for use in the home as for local authority and commercial use. Built in a high impact plastic, this 6 - 9L dual flush, side inlet cistern has a compact profile for use in bathrooms where space is at a premium.",Bathrooms and Kitchens/Toilets/Toilet Cisterns/Toilet Cisterns.csv -> Thomas Dudley Slimline side supply overflow high/low pressue low level cistern 6/9ltr White,,,https://www.wolseley.co.uk/wcsstore/ExtendedSitesCatalogAssetStore/images/products/AssetPush/wol-web-proof-medium-w/std.lang.all/01/00/NW-B90100_wm.jpg,https://www.wolseley.co.uk/wcsstore/ExtendedSitesCatalogAssetStore/images/products/AssetPush/DTP_AssetPushHighRes/std.lang.all/hu/re/Thomas Dudley_B90100_Brochure.pdf,https://www.wolseley.co.uk/wcsstore/ExtendedSitesCatalogAssetStore/images/products/AssetPush/DTP_AssetPushHighRes/std.lang.all/ui/de/Thomas Dudley_B90100_User Guide.pdf,,,,,,,,,,,,,,,,,,,,,,https://www.wolseley.co.uk/wcsstore/ExtendedSitesCatalogAssetStore/images/products/AssetPush/DTP_AssetPushHighRes/std.lang.all/hu/re/TDudley_LightDutyCisterns_Brochure.pdf,,,,,,,,,,,,,,,
53,PU94990,Geberit Duofix frame WC and sigma C/cistern 12cm,Geberit,366.4,"Supplied complete with fixtures and fittings, the Geberit 1120mm Sigma Duofix frame and concealed cistern is suitable for use in dry wall part-height or room-height pre-wall installations and with wall hung toilet pans with projections of up to 620mm. Manufactured using tried and tested materials, every blow-mould Sigma cistern is leak-tested, giving you peace of mind on fitting. Equipped for installations requiring electrical connections, the Sigma Duofix is compatible with touchless flush plates, shower toilets and air purification devices, any of which can be retrofitted with ease.",Bathrooms and Kitchens/Toilets/Toilet Cisterns/Toilet Cisterns.csv -> Geberit Duofix frame WC and sigma C/cistern 12cm,,,https://www.wolseley.co.uk/wcsstore/ExtendedSitesCatalogAssetStore/images/products/AssetPush/wol-web-proof-medium-w/std.lang.all/ma/ge/U94990_Primary_Image_wm.jpg,https://www.wolseley.co.uk/wcsstore/ExtendedSitesCatalogAssetStore/images/products/AssetPush/DTP_AssetPushHighRes/std.lang.all/he/et/U94990_Tech_Sheet.pdf,,,,,,,,,,,,,,,,,,,,,,,,,,,,,,,,,,,,,,
54,PA67224,Ideal Standard Connect Air cistern bi cube 6/4 s/wrp White,Ideal Standard,213.75,"The Ideal Concept Air low level slimline cistern offers a push button 6/4L dual flush with Aquablade flushing technology. Made in tough vitreous china, this cistern is part of an extensive matching bathroom range.",Bathrooms and Kitchens/Toilets/Toilet Cisterns/Toilet Cisterns.csv -> Ideal Standard Connect Air cistern bi cube 6/4 s/wrp White,,,https://www.wolseley.co.uk/wcsstore/ExtendedSitesCatalogAssetStore/images/products/AssetPush/wol-web-proof-medium-w/std.lang.all/72/25/NW-A67224_A67225_wm.jpg,https://www.wolseley.co.uk/wcsstore/ExtendedSitesCatalogAssetStore/images/products/AssetPush/DTP_AssetPushHighRes/std.lang.all/ic/al/IS_E080401_Technical.pdf,https://www.wolseley.co.uk/wcsstore/ExtendedSitesCatalogAssetStore/images/products/AssetPush/DTP_AssetPushHighRes/std.lang.all/ti/on/IS_Concept_Air_Installation.pdf,,,,,,,,,,,,,,,,,,,,,,,,,,,,,,,,,,,,,
55,PD44947,Roca Debba close coupled cistern with push button White,Roca,145.51,"The Roca Debba moulded close coupled cistern features an eco-friendly 3/4.5L dual flush. With its clean, contemporary look, this toilet cistern has been designed to complement the wider Debba range.",Bathrooms and Kitchens/Toilets/Toilet Cisterns/Toilet Cisterns.csv -> Roca Debba close coupled cistern with push button White,,,https://www.wolseley.co.uk/wcsstore/ExtendedSitesCatalogAssetStore/images/products/AssetPush/wol-web-proof-medium-w/std.lang.all/49/47/NW-D44947_wm.jpg,https://www.wolseley.co.uk/wcsstore/ExtendedSitesCatalogAssetStore/images/products/AssetPush/DTP_AssetPushHighRes/std.lang.all/ti/on/Roca_TheGap_Installation.pdf,https://www.wolseley.co.uk/wcsstore/ExtendedSitesCatalogAssetStore/images/products/AssetPush/DTP_AssetPushHighRes/std.lang.all/ic/al/Roca_34199C00F_Technical.pdf,,,,,,,,,,,,,,,,,,,,,,,,,,,,,,,,,,,,,
56,PB98080,"Thomas Dudley Vantage dual flush concealed cistern with side inlet, flushbend, poly-jacket, no button",Thomas Dudley,133.47,"Offering fast and stress-free installation, this Thomas Dudley Vantage concealed dual flush toilet cistern is supplied factory assembled and incorporates a push-fit flush bend and inlet elbow. With the option to install the push button up to 750mm away, this cistern is designed for flexibility.","Bathrooms and Kitchens/Toilets/Toilet Cisterns/Toilet Cisterns.csv -> Thomas Dudley Vantage dual flush concealed cistern with side inlet, flushbend, poly-jacket, no button",,,https://www.wolseley.co.uk/wcsstore/ExtendedSitesCatalogAssetStore/images/products/AssetPush/wol-web-proof-medium-w/std.lang.all/80/80/B98080_wm.jpg,,,White,Dual Flush,3 Years,N,125,Internal,No,Side,Button,Polyethylene,Yes,PVAWHS320433,Cistern,N,,"Supplied factory assembled for quick, easy installation",WRAS approved Dudley Niagara flushing valve,WRAS approved Dudley Hydroflo quiet inlet valve,Push-fit water inlet elbow,Push-fit flush bend,Integral isolating valve,,Vantage,"Air tubes enable button, plate or sensor to be installed up to 750mm away from cistern",Front and top access panels,,Unique cistern fixing brackets,No need to cut access holes into vanity tops,Side inlet,Cistern body in high density polyethylene,Internal overflow warning,Internal parts comply with the Regulator's Specification,White polyethylene,1 year warranty,,,
57,PB61746,Nabis Vector 2 push button cistern cc pan,Nabis,74.8,"Operated with a simple push-button, the Nabis Vector close-coupled cistern and pan offers a 4/6L dual flush to help you save on water waste.",Bathrooms and Kitchens/Toilets/Toilet Cisterns/Toilet Cisterns.csv -> Nabis Vector 2 push button cistern cc pan,,,https://www.wolseley.co.uk/wcsstore/ExtendedSitesCatalogAssetStore/images/products/AssetPush/wol-web-proof-medium-w/std.lang.all/17/46/B61746_wm.jpg,,,White,Dual Flush,5 Years,N,142,N/A,No,Left,Button,Ceramic,Yes,C6602,Cistern,N,6 l,Ceramic construction,White finish,Push-button operation,4/6L dual flush,Close-coupled installation,Left hand inlet,,Vector 2,5 year warranty,,,,,,,,,,,,,
58,PB98792,Thomas Dudley Oyster dual flush pneumatic plate Chrome Plated,Thomas Dudley,52.78,"Designed for use with concealed cisterns, the Thomas Dudley Oyster dual flush plate is suitable for concealed installation in built-in furniture, tiles, partitioning and walls.",Bathrooms and Kitchens/Toilets/Toilet Cisterns/Toilet Cisterns.csv -> Thomas Dudley Oyster dual flush pneumatic plate Chrome Plated,,,https://www.wolseley.co.uk/wcsstore/ExtendedSitesCatalogAssetStore/images/products/AssetPush/wol-web-proof-medium-w/std.lang.all/87/92/NW-B98792_wm.jpg,https://www.wolseley.co.uk/wcsstore/ExtendedSitesCatalogAssetStore/images/products/AssetPush/DTP_AssetPushHighRes/std.lang.all/og/ue/Thomas_Dudley_Product_Catalogue.pdf,,,,,,,,,,,,,,,,,,,,,,,,,,,,,,,,,,,,,,
59,PB61023,Center CB Lever operated cistern in gloss white,Center,78.05,"Operated with a simple lever, this Center CB white ceramic toilet cistern offers a single 6L flush.",Bathrooms and Kitchens/Toilets/Toilet Cisterns/Toilet Cisterns.csv -> Center CB Lever operated cistern in gloss white,,,https://www.wolseley.co.uk/wcsstore/ExtendedSitesCatalogAssetStore/images/products/AssetPush/wol-web-proof-medium-w/std.lang.all/10/23/NW-B61023_wm.jpg,https://www.wolseley.co.uk/wcsstore/ExtendedSitesCatalogAssetStore/images/products/AssetPush/DTP_AssetPushHighRes/std.lang.all/wi/ng/Center_CB_B61023_Line_Drawing.pdf,https://www.wolseley.co.uk/wcsstore/ExtendedSitesCatalogAssetStore/images/products/AssetPush/DTP_AssetPushHighRes/std.lang.all/me/nt/BMA-Defra-WCo_Voluntary Agreement.pdf,,,,,,,,,,,,,,,,,,,,,,,,,,,,,,,,,,,,,
60,PU94993,Geberit duofix elem WC+omega C/cist 12 cm,Geberit,372.3,"A robust and highly flexible design, the Geberit Duofix frame and 120mm Omega concealed cistern is the ideal choice for bathroom installations you can rely on. Not only are all aspects of this design tried and tested but it offers tool-free maintenance using parts that are always easy to get hold of, even years after installation. Reducing cleaning requirements and bacteria and dirt traps, this quiet concealed cistern solution is compatible with a wide range of flush plates, making it easy to find a solution that suits your interior while a dual flush with volume adjustment helps you to save water. Individually tested to ensure water tightness, the blow-moulded Omega cistern is capable of withstanding up to 400kg when combined with a Geberit wall-hung toilet pan.",Bathrooms and Kitchens/Toilets/Toilet Cisterns/Toilet Cisterns.csv -> Geberit duofix elem WC+omega C/cist 12 cm,,,https://www.wolseley.co.uk/wcsstore/ExtendedSitesCatalogAssetStore/images/products/AssetPush/wol-web-proof-medium-w/std.lang.all/49/93/U94993_wm.jpg,https://www.wolseley.co.uk/wcsstore/ExtendedSitesCatalogAssetStore/images/products/AssetPush/DTP_AssetPushHighRes/std.lang.all/ta/ll/U94993_Install.pdf,https://www.wolseley.co.uk/wcsstore/ExtendedSitesCatalogAssetStore/images/products/AssetPush/DTP_AssetPushHighRes/std.lang.all/he/et/U94993_Tech_Sheet.pdf,,,,,,,,,,,,,,,,,,,,,,,,,,,,,,,,,,,,,
61,PB61083,Nabis Pride push button ag cistern  6/3ltr,Nabis,72.87,This Nabis Pride vitreous china cistern has 6/3L dual flush capacity with push-button operation.,Bathrooms and Kitchens/Toilets/Toilet Cisterns/Toilet Cisterns.csv -> Nabis Pride push button ag cistern  6/3ltr,,,https://www.wolseley.co.uk/wcsstore/ExtendedSitesCatalogAssetStore/images/products/AssetPush/wol-web-proof-medium-w/std.lang.all/10/83/B61083_wm.jpg,https://www.wolseley.co.uk/wcsstore/ExtendedSitesCatalogAssetStore/images/products/AssetPush/DTP_AssetPushHighRes/std.lang.all/ic/al/B61083_Nabis_Technical.pdf,,,,,,,,,,,,,,,,,,,,,,,,,,,,,,,,,,,,,,
62,PT02630,Ideal Standard Tesi close coupled cistern with dual flush valve 6/4ltr,Ideal Standard,117.76,"Made of a tough vitreous china with a neat white finish, the Ideal Standard Tesi toilet cistern has a 6/4L dual flush valve for push button operation and convenient bottom inlet.",Bathrooms and Kitchens/Toilets/Toilet Cisterns/Toilet Cisterns.csv -> Ideal Standard Tesi close coupled cistern with dual flush valve 6/4ltr,,,https://www.wolseley.co.uk/wcsstore/ExtendedSitesCatalogAssetStore/images/products/AssetPush/wol-web-proof-medium-w/std.lang.all/26/30/NW-T02629_T02630_wm.jpg,https://www.wolseley.co.uk/wcsstore/ExtendedSitesCatalogAssetStore/images/products/AssetPush/DTP_AssetPushHighRes/std.lang.all/te/ch/IS_Tesi_CC_Toilet_Tech.pdf,,,,,,,,,,,,,,,,,,,,,,,,,,,,,,,,,,,,,,
63,PB88501,Armitage Shanks Regal low level cistern with side-inlet 6L,Armitage Shanks,122.99,"Slimline and lightweight, the Armitage Shanks Regal high level cistern offers ease of installation thanks to its pre-fitted components. A modern design, this single pull chain flush cistern has a bottom inlet and internal overflow.",Bathrooms and Kitchens/Toilets/Toilet Cisterns/Toilet Cisterns.csv -> Armitage Shanks Regal low level cistern with side-inlet 6L,,Cistern and fixing kit,https://www.wolseley.co.uk/wcsstore/ExtendedSitesCatalogAssetStore/images/products/AssetPush/wol-web-proof-medium-w/std.lang.all/85/01/B88501_wm.jpg,,,White,Lever,5 Years,N,155,Internal,No,bottom,Pull Chain,Plastic,Yes,S115901,Cistern,N,,Modern design,Plastic construction,White finish,6L capacity,Pull chain operated,High level installation,,Regal,5 year warranty,,,,,,,,,,,,,
64,PD81429,Ideal Standard iLife A and S closed couple compact cistern 6/4ltr,Ideal Standard,146.53,"This Ideal Standard i.Life A and S close-coupled cistern is part of the smart, modern i.Life collection, making creating a complete, stylish bathroom suite simple. It has a water-saving 6/4L dual flush operated via a simple push button. Manufactured in robust vitreous china, the designer i.Life cistern is finished in a classic white.",Bathrooms and Kitchens/Toilets/Toilet Cisterns/Toilet Cisterns.csv -> Ideal Standard iLife A and S closed couple compact cistern 6/4ltr,,,https://www.wolseley.co.uk/wcsstore/ExtendedSitesCatalogAssetStore/images/products/AssetPush/wol-web-proof-medium-w/std.lang.all/14/29/D81429_wm.jpg,,,White/Gloss,Dual Flush,12 Months,N,150,Internal Overflow,N/A,Bottom Supply,Push Button,Vitreous China,Yes,E249101,Close Coupled Compact Cistern,N,6 l,Designed by Palomba Serafini Associati,"Push button, dual flush cistern",6/4L capacity,With bottom supply,Vitreous china construction,12 month warranty,,iLIFE,,,,,,,,,,,,,,
65,PP07586,Geberit Selnova Close coupled cistern push button BSIO,Geberit,112.77,"Suitable for close-coupled WCs, the Geberit Selnova cistern's classic, simple and discreet design is made of a robust white vitreous china to blend seamlessly with most bathroom suites.  This cistern has a dual flush operated with a simple push-button capable  of a flush range volume of 2.6 to 6 litres, saving you water. Combine with Geberit Selnova CC Pan & Seat.",Bathrooms and Kitchens/Toilets/Toilet Cisterns/Toilet Cisterns.csv -> Geberit Selnova Close coupled cistern push button BSIO,,,https://www.wolseley.co.uk/wcsstore/ExtendedSitesCatalogAssetStore/images/products/AssetPush/wol-web-proof-medium-w/std.lang.all/ma/ge/P07586_Primary_Image_wm.jpg,https://www.wolseley.co.uk/wcsstore/ExtendedSitesCatalogAssetStore/images/products/AssetPush/DTP_AssetPushHighRes/std.lang.all/io/ns/P07586_Dimensions.pdf,https://www.wolseley.co.uk/wcsstore/ExtendedSitesCatalogAssetStore/images/products/AssetPush/DTP_AssetPushHighRes/std.lang.all/ic/al/Geberit_501047006_Technical.pdf,,,,,,,,,,,,,,,,,,,,,,https://www.wolseley.co.uk/wcsstore/ExtendedSitesCatalogAssetStore/images/products/AssetPush/DTP_AssetPushHighRes/std.lang.all/hu/re/Geberit_Select_Series_Brochure.pdf,,,,,,,,,,,,,,,
66,PB98794,Thomas Dudley Miniflo side inlet cistern comes with dual flush chrome plated button 6/4/2.6ltr,Thomas Dudley,107.75,"An installer-friendly choice, this Thomas Dudley Miniflo concealed cistern with side inlet and outlet is factory assembled with a true push-fit flush bend and one piece hanging bracket for fast fitting. Fitting neatly into 150mm ducts and suitable for installation behind tiles along with a removable or hinged vanity top and behind partitions, this concealable cistern is highly adaptable to suit any bathroom.",Bathrooms and Kitchens/Toilets/Toilet Cisterns/Toilet Cisterns.csv -> Thomas Dudley Miniflo side inlet cistern comes with dual flush chrome plated button 6/4/2.6ltr,,,https://www.wolseley.co.uk/wcsstore/ExtendedSitesCatalogAssetStore/images/products/AssetPush/wol-web-proof-medium-w/std.lang.all/87/94/NW-B98794_wm.jpg,https://www.wolseley.co.uk/wcsstore/ExtendedSitesCatalogAssetStore/images/products/AssetPush/DTP_AssetPushHighRes/std.lang.all/20/17/Thomas_Dudley_Brochure_2017.pdf,,,,,,,,,,,,,,,,,,,,,,,,,,,,,,,,,,,,,,
67,PC39747,Thomas Dudley Torrent bottom inlet cistern,Thomas Dudley,90.06,"Suitable for most installations, this Thomas Dudley Torrent bottom inlet WC cistern is supplied with a cable flush valve. Designed for concealed installation, this cistern offers a 6L single flush.",Bathrooms and Kitchens/Toilets/Toilet Cisterns/Toilet Cisterns.csv -> Thomas Dudley Torrent bottom inlet cistern,,,https://www.wolseley.co.uk/wcsstore/ExtendedSitesCatalogAssetStore/images/products/AssetPush/wol-web-proof-medium-w/std.lang.all/97/47/C39747_wm.jpg,,,White,Button,3 Years,N,150,Internal,N/A,bottom,Cable Flush Valve,HIPS,Yes,PTOZZB320508,Concealed Cistern,N,6 l,HIPS construction,White finish,"With 2"" outlet","Includes 1/2"" water inlet supply",Offers 6L capacity,For concealed installation,,Torrent,3 year warranty,,,,,,,,,,,,,
68,PD04658,Ideal Standard Tempo Close coupled dual flush cistern 6/4ltr white,Ideal Standard,98.1,"Offering a 6/4L push button operated dual flush, the Ideal Standard Tempo bottom inlet close-coupled cistern is made of a robust vitreous china with a smart white gloss finish.",Bathrooms and Kitchens/Toilets/Toilet Cisterns/Toilet Cisterns.csv -> Ideal Standard Tempo Close coupled dual flush cistern 6/4ltr white,,,https://www.wolseley.co.uk/wcsstore/ExtendedSitesCatalogAssetStore/images/products/AssetPush/wol-web-proof-medium-w/std.lang.all/46/58/NW-D04658_wm.jpg,https://www.wolseley.co.uk/wcsstore/ExtendedSitesCatalogAssetStore/images/products/AssetPush/DTP_AssetPushHighRes/std.lang.all/te/ch/IS_T327601_WC_Pan_Tech.pdf,,,,,,,,,,,,,,,,,,,,,,,,,,,,,,,,,,,,,,
69,PB79700,"Masefield Epson bottom outlet cistern overflow 3/4""",Masefield,1.55,"This Masefield 3/4"" cistern overflow with bottom outlet is designed for cisterns with no integral overflow.","Bathrooms and Kitchens/Toilets/Toilet Cisterns/Toilet Cisterns.csv -> Masefield Epson bottom outlet cistern overflow 3/4""",,,https://www.wolseley.co.uk/wcsstore/ExtendedSitesCatalogAssetStore/images/products/AssetPush/wol-web-proof-medium-w/std.lang.all/97/00/NW-B79700_wm.jpg,,,,,,N,19,,,,,Polypropylene,,PTOCIS367308,Overflow Pipe,N,,High quality polypropylene,Creates integral overflow in cisterns,"19mm (3/4"") vertical",,,,,Epson,,,,,,,,,,,,Polypropylene,,
70,PD13267,Roca Colina comfort high cistern White,Roca,121.47,This Roca Colina comfort height toilet cistern with 4.5/3L push button flush is designed for installation with the Roca Colina 460mm close coupled moulded comfort height back-to-wall toilet pan.,Bathrooms and Kitchens/Toilets/Toilet Cisterns/Toilet Cisterns.csv -> Roca Colina comfort high cistern White,,,https://www.wolseley.co.uk/wcsstore/ExtendedSitesCatalogAssetStore/images/products/AssetPush/wol-web-proof-medium-w/std.lang.all/32/68/NW-D13266_D13268_wm.jpg,https://www.wolseley.co.uk/wcsstore/ExtendedSitesCatalogAssetStore/images/products/AssetPush/DTP_AssetPushHighRes/std.lang.all/ti/on/Roca_TheGap_Installation.pdf,,,,,,,,,,,,,,,,,,,,,,,,,,,,,,,,,,,,,,
71,PD64538,"Ideal Standard Sandringham 21 smooth close coupled dual flush valve, bottom supply and internal overflow 4/2.6 ltr",Ideal Standard,85.17,"Made of a robust vitreous china, the Ideal Standard Sandringham 21 bottom inlet close-coupled cistern has a button operated 4/2.6L dual flush. This cistern is part of the broad Sandringham 21 range, making it easy to create a seamless bathroom finish.","Bathrooms and Kitchens/Toilets/Toilet Cisterns/Toilet Cisterns.csv -> Ideal Standard Sandringham 21 smooth close coupled dual flush valve, bottom supply and internal overflow 4/2.6 ltr",,,https://www.wolseley.co.uk/wcsstore/ExtendedSitesCatalogAssetStore/images/products/AssetPush/wol-web-proof-medium-w/std.lang.all/45/38/D64538_wm.jpg,https://www.wolseley.co.uk/wcsstore/ExtendedSitesCatalogAssetStore/images/products/AssetPush/DTP_AssetPushHighRes/std.lang.all/ic/al/IS_E899901_Technical.pdf,,,,,,,,,,,,,,,,,,,,,,,,,,,,,,,,,,,,,,
72,PB91612,Thomas Dudley Dudley D Auto auto cistern 6-9ltr White,Thomas Dudley,71.43,"Ideal for commercial urinals, the plastic Thomas Dudley D Auto 9L automatic cistern provides easy, flexible installation in a range of settings. Easy to screw directly into most materials, this installer-friendly cistern is made of high impact polystyrene for long lasting use.",Bathrooms and Kitchens/Toilets/Toilet Cisterns/Toilet Cisterns.csv -> Thomas Dudley Dudley D Auto auto cistern 6-9ltr White,,,https://www.wolseley.co.uk/wcsstore/ExtendedSitesCatalogAssetStore/images/products/AssetPush/wol-web-proof-medium-w/std.lang.all/16/12/B91612_wm.jpg,https://www.wolseley.co.uk/wcsstore/ExtendedSitesCatalogAssetStore/images/products/AssetPush/DTP_AssetPushHighRes/std.lang.all/hu/re/TDudley_Brochure.pdf,https://www.wolseley.co.uk/wcsstore/ExtendedSitesCatalogAssetStore/images/products/AssetPush/DTP_AssetPushHighRes/std.lang.all/ic/al/TDudley_AutomaticCisterns_Technical.pdf,,,,,,,,,,,,,,,,,,,,,,,,,,,,,,,,,,,,,
73,PN66489,Ideal Standard iLife cistern BI 4/2.6 UKP White,Ideal Standard,115.94,"A simple design for modern interiors, this Ideal Standard i.Life cistern has been created for reduced water waste, offering a 4/2.6L dual flush. This smart vitreous china cistern forms part of the wider i.Life range, allowing you to create a harmonious bathroom suite with ease.",Bathrooms and Kitchens/Toilets/Toilet Cisterns/Toilet Cisterns.csv -> Ideal Standard iLife cistern BI 4/2.6 UKP White,,,https://www.wolseley.co.uk/wcsstore/ExtendedSitesCatalogAssetStore/images/products/AssetPush/wol-web-proof-medium-w/std.lang.all/64/89/N66489_wm.jpg,,,White,Push Button,Lifetime,N,165,Internal,Yes,bottom,Valve,Vitreous China,Yes,E247801,Close Coupled Cistern,N,4 l,Designed by Palomba Serafini Associati,Offers water saving dual 4/2.6L flush,Push-button operation,Vitreous china construction,White finish,Close-coupled design,,iLIFE,Bottom inlet,Lifetime warranty,,,,,,,,,,,,
74,PC21358,ARC/SPHERE E786001 C/C BSIO CISTERN 6/4L,Ideal Standard,168.19,"Sleekly designed and highly durable, the Ideal Concept Arc in-wall cistern is suitable for commercial use, offering a push button 4/6L dual flush for convenience.",Bathrooms and Kitchens/Toilets/Toilet Cisterns/Toilet Cisterns.csv -> ARC/SPHERE E786001 C/C BSIO CISTERN 6/4L,,,https://www.wolseley.co.uk/wcsstore/ExtendedSitesCatalogAssetStore/images/products/AssetPush/wol-web-proof-medium-w/std.lang.all/13/58/NW-C21358_wm.jpg,https://www.wolseley.co.uk/wcsstore/ExtendedSitesCatalogAssetStore/images/products/AssetPush/DTP_AssetPushHighRes/std.lang.all/hu/re/IS_Concept_Brochure.pdf,https://www.wolseley.co.uk/wcsstore/ExtendedSitesCatalogAssetStore/images/products/AssetPush/DTP_AssetPushHighRes/std.lang.all/ic/al/IS_E786001_Technical.pdf,,,,,,,,,,,,,,,,,,,,,,,,,,,,,,,,,,,,,
75,PB55240,Grohe Rapid SL flush plate and bracket 0.82m,Grohe,366.72,"The Grohe Rapid SL 3-in-1 installation set for wall-hung toilets makes fitting straightforward with the toolless QuickFix system, allowing connection of the hose, inspection shaft and water supply with ease. The steel frame is certified to hold loads of over 400kg for reliable stability and can be quickly installed in front of a solid wall or into a stud wall. Featuring a 3/6L dual flush with EcoJoy technology, this cistern kit reduces water consumption by up to 50% with no loss of flushing power and operates quietly thanks to the Whisper low-noise fittings and separate plumbing.",Bathrooms and Kitchens/Toilets/Toilet Cisterns/Toilet Cisterns.csv -> Grohe Rapid SL flush plate and bracket 0.82m,,,https://www.wolseley.co.uk/wcsstore/ExtendedSitesCatalogAssetStore/images/products/AssetPush/wol-web-proof-medium-w/std.lang.all/52/40/NW-B55240_wm.jpg,https://www.wolseley.co.uk/wcsstore/ExtendedSitesCatalogAssetStore/images/products/AssetPush/DTP_AssetPushHighRes/std.lang.all/ic/al/Grohe_38773000_Technical.pdf,https://www.wolseley.co.uk/wcsstore/ExtendedSitesCatalogAssetStore/images/products/AssetPush/DTP_AssetPushHighRes/std.lang.all/ti/on/Grohe_WC_Element_Installation.pdf,,,,,,,,,,,,,,,,,,,,,,,,,,,,,,,,,,,,,
76,PJ92386,Ideal Standard Conceala 1 cistern 9L auto,Ideal Standard,145.24,"A simple design to suit most bathrooms, the Conceala urinal cistern is finished in classic white. This cistern has an automatic hands-free flush, ensuring that the bowl is adequately cleaned after every use.",Bathrooms and Kitchens/Toilets/Toilet Cisterns/Toilet Cisterns.csv -> Ideal Standard Conceala 1 cistern 9L auto,,,https://www.wolseley.co.uk/wcsstore/ExtendedSitesCatalogAssetStore/images/products/AssetPush/wol-web-proof-medium-w/std.lang.all/23/86/J92386_wm.jpg,,,White,contactless,5 Years,N,145,N/A,Yes,top,N/A,Plastic,No,S115667,urinal cistern,N,9 l,Plastic construction,White finish,Touch-free flush,9L flush capacity,Top inlet,5 year warranty,,,,,,,,,,,,,,,,
77,PT74818,RAK Ceramics Resort close coupled cistern for mini and maxi pans,RAK Ceramics,93.28,"The RAK Ceramics Resort close-coupled cistern is compatible with mini and maxi WC pans. Attractively designed for modern bathrooms, this simple cistern is finished in clean white and has a button flush. It is part of the wider Resort range, making choosing matching bathroom furniture and fittings easier.",Bathrooms and Kitchens/Toilets/Toilet Cisterns/Toilet Cisterns.csv -> RAK Ceramics Resort close coupled cistern for mini and maxi pans,,,https://www.wolseley.co.uk/wcsstore/ExtendedSitesCatalogAssetStore/images/products/AssetPush/wol-web-proof-medium-w/std.lang.all/48/18/T74818_wm.jpg,,,,,,N,,,,,,,,RSTCIST,,N,,With button flush,Ceramic construction,White colour,Modern design,Compatible with mini and maxi pans,25 year warranty,,Resort,,,,,,,,,,,,,1,
78,PB11903,Ideal Standard Studio Echo bottom inlet cistern dual flush valve 4/2.6ltr White,Ideal Standard,111.29,The plastic Ideal Standard Studio Echo urinal cistern with push button 2.6/4L dual flush is suitable for fixing on the front or back wall of a duct.,Bathrooms and Kitchens/Toilets/Toilet Cisterns/Toilet Cisterns.csv -> Ideal Standard Studio Echo bottom inlet cistern dual flush valve 4/2.6ltr White,,,https://www.wolseley.co.uk/wcsstore/ExtendedSitesCatalogAssetStore/images/products/AssetPush/wol-web-proof-medium-w/std.lang.all/19/03/B11903_wm.jpg,https://www.wolseley.co.uk/wcsstore/ExtendedSitesCatalogAssetStore/images/products/AssetPush/DTP_AssetPushHighRes/std.lang.all/ic/al/IS_E150701_Technical.pdf,,,,,,,,,,,,,,,,,,,,,,,,,,,,,,,,,,,,,,
79,PC21335,Ideal Standard Sandringham 21 Bottom supply and internal overflow cistern with reversible spatula lever 6-4ltr White,Ideal Standard,103.05,The Ideal Standard Sandringham 21 bottom inlet close coupled cistern is built in durable vitreous china and includes a reversible spatula lever for single 6(4)L flush operation. This cistern is part of an extensive range designed to help you create a matching bathroom suite.,Bathrooms and Kitchens/Toilets/Toilet Cisterns/Toilet Cisterns.csv -> Ideal Standard Sandringham 21 Bottom supply and internal overflow cistern with reversible spatula lever 6-4ltr White,,,https://www.wolseley.co.uk/wcsstore/ExtendedSitesCatalogAssetStore/images/products/AssetPush/wol-web-proof-medium-w/std.lang.all/13/35/NW-C21335_wm.jpg,https://www.wolseley.co.uk/wcsstore/ExtendedSitesCatalogAssetStore/images/products/AssetPush/DTP_AssetPushHighRes/std.lang.all/ic/al/IS_E900201_Technical.pdf,,,,,,,,,,,,,,,,,,,,,,,,,,,,,,,,,,,,,,
80,PC21715,Ideal Standard Arc bottom supply internal overflow close coupled cistern 4/2.6ltr White,Ideal Standard,168.19,"The classically designed Ideal Standard Arc close coupled cistern is an great selection for traditional bathrooms, combining a high quality design with modern dual flush technology.",Bathrooms and Kitchens/Toilets/Toilet Cisterns/Toilet Cisterns.csv -> Ideal Standard Arc bottom supply internal overflow close coupled cistern 4/2.6ltr White,,,https://www.wolseley.co.uk/wcsstore/ExtendedSitesCatalogAssetStore/images/products/AssetPush/wol-web-proof-medium-w/std.lang.all/17/15/NW-C21715_wm.jpg,https://www.wolseley.co.uk/wcsstore/ExtendedSitesCatalogAssetStore/images/products/AssetPush/DTP_AssetPushHighRes/std.lang.all/ic/al/IS_E785501_Technical.pdf,,,,,,,,,,,,,,,,,,,,,,,,,,,,,,,,,,,,,,
81,PB90130,Thomas Dudley Triwell cistern 6/7/9ltr White,Thomas Dudley,132.07,"The well bottom design Thomas Dudley Triwell toilet cistern is designed to be highly robust with a screwed-down lid and tough single flush lever, making it ideal for those settings where there is a risk of vandalism or misuse.",Bathrooms and Kitchens/Toilets/Toilet Cisterns/Toilet Cisterns.csv -> Thomas Dudley Triwell cistern 6/7/9ltr White,,,https://www.wolseley.co.uk/wcsstore/ExtendedSitesCatalogAssetStore/images/products/AssetPush/wol-web-proof-medium-w/std.lang.all/01/30/NW-B90130_wm.jpg,https://www.wolseley.co.uk/wcsstore/ExtendedSitesCatalogAssetStore/images/products/AssetPush/DTP_AssetPushHighRes/std.lang.all/hu/re/TDudley_HDutyCisterns_Brochure.pdf,,,,,,,,,,,,,,,,,,,,,,,,,,,,,,,,,,,,,,
82,PD00669,Roca Polo dual flush cistern only White,Roca,106.51,"Made of robust white ceramic, the Roca Polo toilet cistern has a 6/3L dual flush, button operation and a top inlet.",Bathrooms and Kitchens/Toilets/Toilet Cisterns/Toilet Cisterns.csv -> Roca Polo dual flush cistern only White,,,https://www.wolseley.co.uk/wcsstore/ExtendedSitesCatalogAssetStore/images/products/AssetPush/wol-web-proof-medium-w/std.lang.all/06/69/NW-D00669_wm.jpg,https://www.wolseley.co.uk/wcsstore/ExtendedSitesCatalogAssetStore/images/products/AssetPush/DTP_AssetPushHighRes/std.lang.all/ti/on/Roca_34129G00F_Installation.pdf,,,,,,,,,,,,,,,,,,,,,,,,,,,,,,,,,,,,,,
83,PB97704,Celmac Pneu Compact I compact side inlet internal overflow Black/Chrome Plated,Celmac,45.66,"Designed to save on water waste, the Celmac Pneu Compact I toilet cistern is supplied with a 4/5/6L adjustable flush. Fully assembled for ease of installation, this side inlet black cistern is supplied with a Kara flush push button and wall-mounting bracket for easy, quick and secure installation.",Bathrooms and Kitchens/Toilets/Toilet Cisterns/Toilet Cisterns.csv -> Celmac Pneu Compact I compact side inlet internal overflow Black/Chrome Plated,,Cistern;Wall mounting bracket;Push button,https://www.wolseley.co.uk/wcsstore/ExtendedSitesCatalogAssetStore/images/products/AssetPush/wol-web-proof-medium-w/std.lang.all/77/04/NW-B97704_wm.jpg,https://www.wolseley.co.uk/wcsstore/ExtendedSitesCatalogAssetStore/images/products/AssetPush/DTP_AssetPushHighRes/std.lang.all/ui/de/Celmac_PneuComp_TroubleShoot_Guide.pdf,,,,,,,,,,,,,,,,,,,,,,,,,,,,,,,,,,,,,,
84,PD02387,Ideal Standard Sandringham 21 close coupled cistern bottom inlet siphon flush with cover fastner 6/4L White,Ideal Standard,202.34,"Close-coupled, the Ideal Standard Sandringham 21 bottom inlet toilet cistern is made of a tough vitreous china. Part of an extensive coordinated bathroom range, this lever-operated cistern provides a 6/4L single flush.",Bathrooms and Kitchens/Toilets/Toilet Cisterns/Toilet Cisterns.csv -> Ideal Standard Sandringham 21 close coupled cistern bottom inlet siphon flush with cover fastner 6/4L White,,,https://www.wolseley.co.uk/wcsstore/ExtendedSitesCatalogAssetStore/images/products/AssetPush/wol-web-proof-medium-w/std.lang.all/23/87/NW-D02387_wm.jpg,https://www.wolseley.co.uk/wcsstore/ExtendedSitesCatalogAssetStore/images/products/AssetPush/DTP_AssetPushHighRes/std.lang.all/te/ch/IS_E896301_WC_Pan_Tech.pdf,,,,,,,,,,,,,,,,,,,,,,,,,,,,,,,,,,,,,,
85,PB90512,Thomas Dudley Mirage concealed side inlet side outlet cistern excluding lever,Thomas Dudley,64.42,"This Thomas Dudley Mirage concealed cistern with side inlet and outlet features a two part Turbo 88 duo flush siphon. With a high-impact polystyrene body, this cistern includes an internal and external overflow warning pipe for peace of mind.",Bathrooms and Kitchens/Toilets/Toilet Cisterns/Toilet Cisterns.csv -> Thomas Dudley Mirage concealed side inlet side outlet cistern excluding lever,,,https://www.wolseley.co.uk/wcsstore/ExtendedSitesCatalogAssetStore/images/products/AssetPush/wol-web-proof-medium-w/std.lang.all/05/12/B90512_wm.jpg,https://www.wolseley.co.uk/wcsstore/ExtendedSitesCatalogAssetStore/images/products/AssetPush/DTP_AssetPushHighRes/std.lang.all/hu/re/TDudley_Mirage_Brochure.pdf,,,,,,,,,,,,,,,,,,,,,,,,,,,,,,,,,,,,,,
86,PD00706,"Roca Laura cistern 1/2"" 4.5/3ltr White",Roca,169.24,"Part of a broad range of matching sanitaryware items, the Roca Laura toilet cistern helps installers to create a seamless finish in a new bathroom. Push button-operated, this white ceramic cistern has a 4.5/3L dual flush and top inlet.","Bathrooms and Kitchens/Toilets/Toilet Cisterns/Toilet Cisterns.csv -> Roca Laura cistern 1/2"" 4.5/3ltr White",,,https://www.wolseley.co.uk/wcsstore/ExtendedSitesCatalogAssetStore/images/products/AssetPush/wol-web-proof-medium-w/std.lang.all/07/06/NW-D00706_wm.jpg,https://www.wolseley.co.uk/wcsstore/ExtendedSitesCatalogAssetStore/images/products/AssetPush/DTP_AssetPushHighRes/std.lang.all/ta/ll/Roca_A34139R-F_A34139U-F_Install.pdf,,,,,,,,,,,,,,,,,,,,,,,,,,,,,,,,,,,,,,
87,PD00750,ROCA NEXO COMPACT 1/2IN CISTERN  WHITE,Roca,220.12,"Conceived by famed designer Antonio Bullo, the Roca Nexo compact close-coupled toilet cistern is part of the beautifully proportioned Nexo bathroom range, providing installers with everything they need for a comprehensive and stylish bathroom suite. Manufactured in a white glazed ceramic for durability and cleanliness, this cistern includes a 6/3L push button-operated dual flush.",Bathrooms and Kitchens/Toilets/Toilet Cisterns/Toilet Cisterns.csv -> ROCA NEXO COMPACT 1/2IN CISTERN  WHITE,,,https://www.wolseley.co.uk/wcsstore/ExtendedSitesCatalogAssetStore/images/products/AssetPush/wol-web-proof-medium-w/std.lang.all/07/50/NW-D00750_wm.jpg,https://www.wolseley.co.uk/wcsstore/ExtendedSitesCatalogAssetStore/images/products/AssetPush/DTP_AssetPushHighRes/std.lang.all/ti/on/Roca_NexoCCWC_Installation.pdf,https://www.wolseley.co.uk/wcsstore/ExtendedSitesCatalogAssetStore/images/products/AssetPush/DTP_AssetPushHighRes/std.lang.all/ic/al/Roca_A341645000_Technical.pdf,,,,,,,,,,,,,,,,,,,,,,,,,,,,,,,,,,,,,
88,PT02629,Ideal Standard Tesi close coupled cistern with dual flush valve 4/2.6ltr,Ideal Standard,117.76,"Button operated, this Ideal Standard Tesi close-coupled toilet cistern has a 4/2.6L dual flush, helping users to save on water. All fittings are included for ease of installation.",Bathrooms and Kitchens/Toilets/Toilet Cisterns/Toilet Cisterns.csv -> Ideal Standard Tesi close coupled cistern with dual flush valve 4/2.6ltr,,,https://www.wolseley.co.uk/wcsstore/ExtendedSitesCatalogAssetStore/images/products/AssetPush/wol-web-proof-medium-w/std.lang.all/26/29/T02629_wm.jpg,https://www.wolseley.co.uk/wcsstore/ExtendedSitesCatalogAssetStore/images/products/AssetPush/DTP_AssetPushHighRes/std.lang.all/te/ch/IS_Tesi_CC_Toilet_Tech.pdf,,,,,,,,,,,,,,,,,,,,,,,,,,,,,,,,,,,,,,
89,PD81428,Ideal Standard iLife coupled cistern 6/4ltr,Ideal Standard,106.18,"Push-button operated, the Ideal Standard i.Life close coupled cistern offers a variable 6/4L flush to suit your needs. Finished in a smart white gloss, this efficient ceramic toilet cistern is part of an elegant, space-saving range that will suit most bathroom designs.",Bathrooms and Kitchens/Toilets/Toilet Cisterns/Toilet Cisterns.csv -> Ideal Standard iLife coupled cistern 6/4ltr,,,https://www.wolseley.co.uk/wcsstore/ExtendedSitesCatalogAssetStore/images/products/AssetPush/wol-web-proof-medium-w/std.lang.all/28/_a/D81428_A_wm.jpg,,,White/Gloss,Dual,Lifetime,N,150,Internal,N/A,bottom,Push Button,Ceramic,Yes,E247701,Close Coupled,N,6 l,Water efficient design,Push-button operated,4/6L dual flush,Ceramic construction,Gloss white finish,Bottom inlet,,iLIFE,Lifetime warranty,,,,,,,,,,,,,
90,PB91616,Thomas Dudley Slimline low level bottom inlet cistern 6/7/9ltr White,Thomas Dudley,102.71,"Ideal for light to medium-duty use in homes or commercial premises, the Thomas Dudley Slimline low level bottom supply cistern has a compact profile for use in smaller bathrooms. This hardwearing plastic cistern includes a lever-operated dual flush.",Bathrooms and Kitchens/Toilets/Toilet Cisterns/Toilet Cisterns.csv -> Thomas Dudley Slimline low level bottom inlet cistern 6/7/9ltr White,,,https://www.wolseley.co.uk/wcsstore/ExtendedSitesCatalogAssetStore/images/products/AssetPush/wol-web-proof-medium-w/std.lang.all/16/16/NW-B91616_wm.jpg,,,White/Gloss,Dual Flush,5 Years,N,146,InternalExternal,No,Side,Lever,Polystyrene,No,PSLWHB313280,Cistern,N,6 l,Traditional design,High density polystyrene cistern body,Bottom inlet,Internal/external overflow warning,"Suitable for high level, low level and close coupled installations",6/7/9L dual flush,,Slimline,Lever operation,,,,,,,,,,,,,"Office/Retail/Washrooms,Hotels/Leisure,Assisted Living"
91,PJ10175,Ideal Standard Prosys WC cistern mechanical top actuation CL2,Ideal Standard,118.75,"Suitable for use with a range of flush plates, the Ideal Standard Prosys concealed cistern has a 6L dual flush with mechanical actuation. Ideal for modern family bathrooms, the Prosys's smart valve, easy maintenance and simple adjustment to a lower water volume ensures convenience and economy.",Bathrooms and Kitchens/Toilets/Toilet Cisterns/Toilet Cisterns.csv -> Ideal Standard Prosys WC cistern mechanical top actuation CL2,,,https://www.wolseley.co.uk/wcsstore/ExtendedSitesCatalogAssetStore/images/products/AssetPush/wol-web-proof-medium-w/std.lang.all/01/75/NW-J10175_wm.jpg,https://www.wolseley.co.uk/wcsstore/ExtendedSitesCatalogAssetStore/images/products/AssetPush/DTP_AssetPushHighRes/std.lang.all/ic/al/IS_ProSys_WC_Cistern_Technical.pdf,https://www.wolseley.co.uk/wcsstore/ExtendedSitesCatalogAssetStore/images/products/AssetPush/DTP_AssetPushHighRes/std.lang.all/te/ch/IS_Contour_21_Rimeless_Toilet_Tech.pdf,,,,,,,,,,,,,,,,,,,,,,https://www.wolseley.co.uk/wcsstore/ExtendedSitesCatalogAssetStore/images/products/AssetPush/DTP_AssetPushHighRes/std.lang.all/20/21/IS_CommercialWashrooms_Brochure_2021.pdf,,,,,,,,,,,,,,,
92,PD00629,"Roca Laura push button cistern 1/2"" White",Roca,186.08,The Roca Laura toilet cistern offers a 3/6L push button-operated dual flush and is designed for installation with the Laura bathroom range for a seamless look.,"Bathrooms and Kitchens/Toilets/Toilet Cisterns/Toilet Cisterns.csv -> Roca Laura push button cistern 1/2"" White",,,https://www.wolseley.co.uk/wcsstore/ExtendedSitesCatalogAssetStore/images/products/AssetPush/wol-web-proof-medium-w/std.lang.all/06/29/NW-D00629_wm.jpg,https://www.wolseley.co.uk/wcsstore/ExtendedSitesCatalogAssetStore/images/products/AssetPush/DTP_AssetPushHighRes/std.lang.all/ta/ll/Roca_A34139R-F_A34139U-F_Install.pdf,,,,,,,,,,,,,,,,,,,,,,,,,,,,,,,,,,,,,,
93,PU94992,Geberit duofix frame WC+sigma C/CIST 12 cm,Geberit,333.84,"A robust and highly flexible design, the Geberit Sigma Duofix frame and 120mm concealed cistern is the ideal choice for bathroom installations you can rely on. Not only are all aspects of this design tried and tested but it offers tool-free maintenance using parts that are always easy to get hold of, even years after installation. Reducing cleaning requirements and bacteria and dirt traps, this quiet concealed cistern solution is compatible with a wide range of flush plates, making it easy to find a solution that suits your interior while a dual flush with volume adjustment helps you to save water. Individually tested to ensure water tightness, the blow-moulded Sigma cistern is capable of withstanding up to 400kg when combined with a Geberit wall-hung toilet pan.",Bathrooms and Kitchens/Toilets/Toilet Cisterns/Toilet Cisterns.csv -> Geberit duofix frame WC+sigma C/CIST 12 cm,,,https://www.wolseley.co.uk/wcsstore/ExtendedSitesCatalogAssetStore/images/products/AssetPush/wol-web-proof-medium-w/std.lang.all/49/92/U94992_wm.jpg,https://www.wolseley.co.uk/wcsstore/ExtendedSitesCatalogAssetStore/images/products/AssetPush/DTP_AssetPushHighRes/std.lang.all/he/et/U94992_Tech_Sheet.pdf,https://www.wolseley.co.uk/wcsstore/ExtendedSitesCatalogAssetStore/images/products/AssetPush/DTP_AssetPushHighRes/std.lang.all/ta/ll/U94992_Install.pdf,,,,,,,,,,,,,,,,,,,,,,,,,,,,,,,,,,,,,
94,PB90120,Thomas Dudley Tri-Shell side supply overflow high pressure/low pressure low level cistern  White,Thomas Dudley,124.52,"Highly robust, the Thomas Dudley Tri-Shell is a heavy-duty white plastic toilet cistern with dual lever-operated flush and side inlet.",Bathrooms and Kitchens/Toilets/Toilet Cisterns/Toilet Cisterns.csv -> Thomas Dudley Tri-Shell side supply overflow high pressure/low pressure low level cistern  White,,,https://www.wolseley.co.uk/wcsstore/ExtendedSitesCatalogAssetStore/images/products/AssetPush/wol-web-proof-medium-w/std.lang.all/01/21/NW-B90120_B90121_wm.jpg,https://www.wolseley.co.uk/wcsstore/ExtendedSitesCatalogAssetStore/images/products/AssetPush/DTP_AssetPushHighRes/std.lang.all/ui/de/Thomas Dudley_B90120_User Guide.pdf,https://www.wolseley.co.uk/wcsstore/ExtendedSitesCatalogAssetStore/images/products/AssetPush/DTP_AssetPushHighRes/std.lang.all/hu/re/Thomas Dudley_B90120_Brochure.pdf,,,,,,,,,,,,,,,,,,,,,,https://www.wolseley.co.uk/wcsstore/ExtendedSitesCatalogAssetStore/images/products/AssetPush/DTP_AssetPushHighRes/std.lang.all/hu/re/TDudley_HDutyCisterns_Brochure.pdf,,,,,,,,,,,,,,,
95,PA67225,Ideal Standard Connect Air cistern bi cube 4/2.6 s/w White,Ideal Standard,213.75,"The Ideal Concept Air low level cistern offers a push button 4/2.6L dual flush with Aquablade flushing technology. Made in tough vitreous china, this cistern is part of an extensive matching bathroom range.",Bathrooms and Kitchens/Toilets/Toilet Cisterns/Toilet Cisterns.csv -> Ideal Standard Connect Air cistern bi cube 4/2.6 s/w White,,,https://www.wolseley.co.uk/wcsstore/ExtendedSitesCatalogAssetStore/images/products/AssetPush/wol-web-proof-medium-w/std.lang.all/72/25/NW-A67224_A67225_wm.jpg,https://www.wolseley.co.uk/wcsstore/ExtendedSitesCatalogAssetStore/images/products/AssetPush/DTP_AssetPushHighRes/std.lang.all/ic/al/IS_E080601_Technical.pdf,https://www.wolseley.co.uk/wcsstore/ExtendedSitesCatalogAssetStore/images/products/AssetPush/DTP_AssetPushHighRes/std.lang.all/ti/on/IS_Concept_Air_Installation.pdf,,,,,,,,,,,,,,,,,,,,,,,,,,,,,,,,,,,,,
96,PP73046,Geberit Selnova close coupled toilet with cistern and seat,Geberit,285.36,This Geberit Selnova close coupled cistern is supplied with seat.,Bathrooms and Kitchens/Toilets/Toilet Cisterns/Toilet Cisterns.csv -> Geberit Selnova close coupled toilet with cistern and seat,,,https://www.wolseley.co.uk/wcsstore/ExtendedSitesCatalogAssetStore/images/products/AssetPush/wol-web-proof-medium-w/std.lang.all/30/46/P73046_wm.jpg,https://www.wolseley.co.uk/wcsstore/ExtendedSitesCatalogAssetStore/images/products/AssetPush/DTP_AssetPushHighRes/std.lang.all/ic/al/Geberit_P73046_Technical.pdf,,,,,,,,,,,,,,,,,,,,,,,,,,,,,,,,,,,,,,
97,PB98078,"Thomas Dudley Vantage single flush concealed cistern with side inlet, flushbend, no button, no poly-jacket",Thomas Dudley,112.55,"Offering fast and stress-free installation, this Thomas Dudley Vantage concealed dual flush toilet cistern is supplied factory assembled and incorporates a push-fit flush bend and inlet elbow. With the option to install the push button up to 750mm away, this cistern is designed for flexibility.","Bathrooms and Kitchens/Toilets/Toilet Cisterns/Toilet Cisterns.csv -> Thomas Dudley Vantage single flush concealed cistern with side inlet, flushbend, no button, no poly-jacket",,,https://www.wolseley.co.uk/wcsstore/ExtendedSitesCatalogAssetStore/images/products/AssetPush/wol-web-proof-medium-w/std.lang.all/80/78/B98078_wm.jpg,,,White,Dual Flush,3 Years,N,125,Internal,No,Side,Button,Polyethylene,Yes,319738W,Cistern,N,,"Supplied factory assembled for quick, easy installation",WRAS approved Dudley Niagara flushing valve,WRAS approved Dudley Hydroflo quiet inlet valve,Push-fit water inlet elbow,Push-fit flush bend,Integral isolating valve,,Vantage,"Air tubes enable button, plate or sensor to be installed up to 750mm away from cistern",Front and top access panels,,Unique cistern fixing brackets,No need to cut access holes into vanity tops,Side inlet,Cistern body in high density polyethylene,Internal overflow warning,Internal parts comply with the Regulator's Specification,White polyethylene,1 year warranty,,,
98,PD00640,Roca Nexo close coupled cistern white,Roca,194.75,"The contemporary Roca Nexo close coupled toilet cistern has been designed by Antonio Bullo to blend with the well-proportioned Nexo bathroom range. Built in tough ceramic, this smart cistern offers a 6/3L push button-operated dual flush.",Bathrooms and Kitchens/Toilets/Toilet Cisterns/Toilet Cisterns.csv -> Roca Nexo close coupled cistern white,,,https://www.wolseley.co.uk/wcsstore/ExtendedSitesCatalogAssetStore/images/products/AssetPush/wol-web-proof-medium-w/std.lang.all/06/40/NW-D00640_wm.jpg,https://www.wolseley.co.uk/wcsstore/ExtendedSitesCatalogAssetStore/images/products/AssetPush/DTP_AssetPushHighRes/std.lang.all/ti/on/Roca_A341643_45-F_Installation.pdf,https://www.wolseley.co.uk/wcsstore/ExtendedSitesCatalogAssetStore/images/products/AssetPush/DTP_AssetPushHighRes/std.lang.all/ic/al/Roca_A341643000_Technical.pdf,,,,,,,,,,,,,,,,,,,,,,,,,,,,,,,,,,,,,
99,PD58885,Roca Debba close coupled fully back to wall cistern,Roca,145.51,"Modern and sleek, the moulded Roca Debba back-to-wall close coupled cistern is a great partner to sanitaryware in the wider Debba range. Provided with a top inlet, this smart white vitreous china loo provides users with a water-saving 3/4.5L button-operated dual flush.",Bathrooms and Kitchens/Toilets/Toilet Cisterns/Toilet Cisterns.csv -> Roca Debba close coupled fully back to wall cistern,,,https://www.wolseley.co.uk/wcsstore/ExtendedSitesCatalogAssetStore/images/products/AssetPush/wol-web-proof-medium-w/std.lang.all/88/85/NW-D58885_wm.jpg,,,White,Dual Flush,25 Years,N,160,N/A,No,top,Button,Vitreous China,No,A34199D00F,Cistern,N,4.5 l,3/4.5L dual flush,Push button,White vitreous china,,,,,Debba,,,,,,,,,,,,,,
100,PJ23523,Ideal Standard Contour 21 Splash cistern lever White,Ideal Standard,183.97,"Designed especially for use in schools, the Ideal Standard Contour 21 Splash close coupled cistern with lever flush combines safety, clean hygiene and economic water saving.",Bathrooms and Kitchens/Toilets/Toilet Cisterns/Toilet Cisterns.csv -> Ideal Standard Contour 21 Splash cistern lever White,,,https://www.wolseley.co.uk/wcsstore/ExtendedSitesCatalogAssetStore/images/products/AssetPush/wol-web-proof-medium-w/std.lang.all/35/23/NW-J23523_wm.jpg,https://www.wolseley.co.uk/wcsstore/ExtendedSitesCatalogAssetStore/images/products/AssetPush/DTP_AssetPushHighRes/std.lang.all/st/al/IS_S3260_S3261_S3270_Instal.pdf,https://www.wolseley.co.uk/wcsstore/ExtendedSitesCatalogAssetStore/images/products/AssetPush/DTP_AssetPushHighRes/std.lang.all/te/ch/IS_Contour21SplshS326001_Tech.pdf,,,,,,,,,,,,,,,,,,,,,,https://www.wolseley.co.uk/wcsstore/ExtendedSitesCatalogAssetStore/images/products/AssetPush/DTP_AssetPushHighRes/std.lang.all/20/19/IS_Spares_Catalogue_2019.pdf,,,,,,,,,,,,,,,
101,PB98081,"Thomas Dudley Miniflo dual flush concealed cistern with side inlet, flushbend, no button",Thomas Dudley,95.97,"The Thomas Dudley Miniflo concealed side inlet toilet cistern has a compact design and offers 6/4, 5/3 or 4/2.6L convertible button-operated flushing with the option to convert to sensor operation. Fully factory assembled and with push-fit flush bend and flexible flush siting up to 750mm away, this cistern is fast and stress-free to fit.","Bathrooms and Kitchens/Toilets/Toilet Cisterns/Toilet Cisterns.csv -> Thomas Dudley Miniflo dual flush concealed cistern with side inlet, flushbend, no button",,,https://www.wolseley.co.uk/wcsstore/ExtendedSitesCatalogAssetStore/images/products/AssetPush/wol-web-proof-medium-w/std.lang.all/80/81/B98081_wm.jpg,,,White,Dual Flush,3 Years,N,131,Internal,No,Side,Button,Polystyrene,Yes,PMFWHS322950,Cistern,N,,"Supplied factory assembled for quick, easy installation",WRAS approved Dudley Niagara flushing valve,WRAS approved Dudley Hydroflo quiet inlet valve,Push-fit flush bend,"Air tubes enable button, plate or sensor to be installed up to 750mm away from cistern",Compact dimensions fit neatly into 150mm ducts,,Miniflo,Top access,One piece cistern fixing brackets,,Cistern body in high density polystyrene with durable white finish,Internal overflow warning,Internal parts comply with the Regulator's Specification,"6/4L, 5/3L or 4/2.6L convertible flushing",,,,,,,
102,PD04899,"Ideal Standard Prosys 120mm depth toilet cistern, pneumatic, top actuation CL2",Ideal Standard,127.65,"Offering a simple top-mounted pneumatic flush, the Ideal Standard Prosys 120mm toilet cistern is part of a comprehensive range of toilet fittings to suit every bathroom. Easy to maintain, this cistern has a delay-fill valve for better efficiency and offers complete compatibility with a range of flush plates.","Bathrooms and Kitchens/Toilets/Toilet Cisterns/Toilet Cisterns.csv -> Ideal Standard Prosys 120mm depth toilet cistern, pneumatic, top actuation CL2",,,https://www.wolseley.co.uk/wcsstore/ExtendedSitesCatalogAssetStore/images/products/AssetPush/wol-web-proof-medium-w/std.lang.all/48/99/D04899_wm.jpg,,,Neutral,Dual,5 Years,N,125,Internal,N/A,bottom,Pneumatic,Plastic,Yes,R031867,in wall,N,6 l,Pneumatic actuation,6L flush,120mm depth,Offers ease of maintenance,Compatible with wide range of contemporary flush plate options,Water-saving delay fill smart valve,,,Easy adjustment to low water volume,Bottom inlet,,Plastic construction,5 year warranty,,,,,,,,,
103,PD13887,Roca Havana eco close coupled cistern 4.5/3,Roca,56.13,The Roca Havana white eco close coupled cistern offers a 4.5/3L dual flush to minimise water waste.,Bathrooms and Kitchens/Toilets/Toilet Cisterns/Toilet Cisterns.csv -> Roca Havana eco close coupled cistern 4.5/3,,,https://www.wolseley.co.uk/wcsstore/ExtendedSitesCatalogAssetStore/images/products/AssetPush/wol-web-proof-medium-w/std.lang.all/38/87/NW-D13887_wm.jpg,https://www.wolseley.co.uk/wcsstore/ExtendedSitesCatalogAssetStore/images/products/AssetPush/DTP_AssetPushHighRes/std.lang.all/hu/re/Roca_Primary_Collection_Brochure.pdf,,,,,,,,,,,,,,,,,,,,,,,,,,,,,,,,,,,,,,
104,PB98079,SF CON CISTERN SIDE/IN NB W/JACKET & FB,Thomas Dudley,120.67,"Offering fast and stress-free installation, this Thomas Dudley Vantage concealed dual flush toilet cistern is supplied factory assembled and incorporates a push-fit flush bend and inlet elbow. With the option to install the push button up to 750mm away, this cistern is designed for flexibility.",Bathrooms and Kitchens/Toilets/Toilet Cisterns/Toilet Cisterns.csv -> SF CON CISTERN SIDE/IN NB W/JACKET & FB,,,https://www.wolseley.co.uk/wcsstore/ExtendedSitesCatalogAssetStore/images/products/AssetPush/wol-web-proof-medium-w/std.lang.all/80/79/B98079_wm.jpg,,,White,Dual Flush,3 Years,N,125,Internal,No,Side,Button,Polyethylene,Yes,PVAWHS315839,Cistern,N,,"Supplied factory assembled for quick, easy installation",WRAS approved Dudley Niagara flushing valve,WRAS approved Dudley Hydroflo quiet inlet valve,Push-fit water inlet elbow,Push-fit flush bend,Integral isolating valve,,Vantage,"Air tubes enable button, plate or sensor to be installed up to 750mm away from cistern",Front and top access panels,,Unique cistern fixing brackets,No need to cut access holes into vanity tops,Side inlet,Cistern body in high density polyethylene,Internal overflow warning,Internal parts comply with the Regulator's Specification,White polyethylene,,,,
